0 0.26171875 0.709375 0.1703125 0.56015625
0 0.78984375 0.70390625 0.265625 0.575
0 0.8234375 0.52109375 0.028125 0.14375
0 0.0234375 0.675 0.046875 0.37109375
0 0.56328125 0.56875 0.04453125 0.2375
0 0.43046875 0.525 0.025 0.10625
0 0.09296875 0.69296875 0.12890625 0.5375
0 0.49140625 0.58828125 0.05390625 0.27734375
0 0.60625 0.57421875 0.0421875 0.24375
0 0.8765625 0.509375 0.03671875 0.15234375
0 0.36640625 0.56015625 0.0421875 0.25625
0 0.4609375 0.59453125 0.04453125 0.25390625
0 0.14921875 0.665625 0.04921875 0.37734375
0 0.53046875 0.54296875 0.034375 0.19375
0 0.96875 0.496875 0.0234375 0.07890625
0 0.228125 0.55078125 0.05859375 0.15390625
0 0.18515625 0.65859375 0.05859375 0.38359375
0 0.065625 0.684375 0.0796875 0.52734375
0 0.11171875 0.72421875 0.0890625 0.44140625