0 0.84453125 0.58359375 0.11875 0.64765625
0 0.96796875 0.484375 0.0578125 0.34375
0 0.58828125 0.503125 0.0953125 0.42109375
0 0.340625 0.51875 0.06796875 0.39140625
0 0.15078125 0.47890625 0.04609375 0.325
0 0.23515625 0.48125 0.0703125 0.34140625
0 0.390625 0.46484375 0.0578125 0.27265625
0 0.44375 0.48828125 0.06015625 0.28984375
0 0.91328125 0.5 0.0578125 0.30390625
0 0.72109375 0.41328125 0.04609375 0.18125
0 0.65390625 0.45625 0.04375 0.25859375
0 0.29375 0.47890625 0.065625 0.32265625
0 0.615625 0.45703125 0.05390625 0.33125