0 0.2140625 0.78125 0.0890625 0.42265625
0 0.3171875 0.859375 0.1703125 0.27265625
0 0.69453125 0.61640625 0.028125 0.11640625
0 0.3703125 0.67578125 0.05625 0.15234375
0 0.525 0.66484375 0.02734375 0.14140625
0 0.7890625 0.62890625 0.025 0.125
0 0.72734375 0.61328125 0.01796875 0.10390625
0 0.66875 0.61484375 0.0234375 0.09140625
0 0.74453125 0.61484375 0.02578125 0.10859375
0 0.1578125 0.65546875 0.034375 0.12109375
0 0.6453125 0.60703125 0.0140625 0.08984375
0 0.43671875 0.62578125 0.025 0.0875