0 0.58046875 0.728125 0.13828125 0.53515625
0 0.78828125 0.53828125 0.02578125 0.125
0 0.34296875 0.59296875 0.03984375 0.23359375
0 0.1796875 0.73671875 0.1734375 0.51640625
0 0.840625 0.52890625 0.0203125 0.08125
0 0.465625 0.61328125 0.03984375 0.23984375
0 0.06484375 0.671875 0.053125 0.30625
0 0.734375 0.55078125 0.02734375 0.11015625
0 0.02578125 0.67109375 0.0515625 0.32265625
0 0.4 0.56796875 0.02578125 0.13515625
0 0.43984375 0.61171875 0.03046875 0.23125
0 0.31015625 0.57421875 0.0328125 0.16875
0 0.41875 0.56015625 0.025 0.14140625
0 0.48671875 0.59140625 0.02734375 0.18984375
0 0.8234375 0.52734375 0.015625 0.06640625
0 0.1265625 0.759375 0.08828125 0.46484375
0 0.37109375 0.56015625 0.02265625 0.08515625
0 0.265625 0.628125 0.06796875 0.25625
0 0.53515625 0.584375 0.0328125 0.15
0 0.5078125 0.58359375 0.0234375 0.15