0 0.82578125 0.58046875 0.08359375 0.36875
0 0.65703125 0.54609375 0.05625 0.24765625
0 0.71328125 0.53828125 0.05625 0.22265625
0 0.45078125 0.55546875 0.0390625 0.20234375
0 0.7796875 0.58046875 0.0421875 0.31875
0 0.47734375 0.55625 0.0390625 0.18515625
0 0.20625 0.59375 0.02109375 0.11015625
0 0.321875 0.56484375 0.02734375 0.13359375
0 0.421875 0.55234375 0.02265625 0.12265625
0 0.4 0.553125 0.028125 0.12734375
0 0.5453125 0.5375 0.03203125 0.12734375
0 0.87109375 0.49140625 0.03671875 0.16015625
0 0.86953125 0.475 0.03203125 0.12734375
0 0.28125 0.58046875 0.02109375 0.10234375