0 0.15703125 0.78203125 0.11015625 0.42734375
0 0.871875 0.66171875 0.046875 0.20390625
0 0.22890625 0.740625 0.053125 0.27109375
0 0.38359375 0.68671875 0.025 0.16015625
0 0.56015625 0.67890625 0.034375 0.17734375
0 0.40703125 0.68671875 0.0328125 0.1625
0 0.9578125 0.61953125 0.03203125 0.125
0 0.4390625 0.66328125 0.0234375 0.10859375
0 0.6078125 0.65 0.025 0.13125
0 0.671875 0.64375 0.02109375 0.11484375
0 0.74453125 0.665625 0.02578125 0.15390625
0 0.49453125 0.65546875 0.02265625 0.11484375
0 0.63984375 0.64765625 0.0234375 0.09609375
0 0.46328125 0.65625 0.02109375 0.08515625
0 0.7203125 0.63203125 0.01796875 0.08984375
0 0.65625 0.64140625 0.01796875 0.10625