0 0.75390625 0.65625 0.03203125 0.14609375
0 0.87109375 0.65078125 0.03984375 0.17890625
0 0.521875 0.68828125 0.0375 0.19765625
0 0.55546875 0.68125 0.0390625 0.2
0 0.309375 0.725 0.0421875 0.24609375
0 0.28203125 0.72265625 0.0328125 0.25
0 0.94921875 0.61328125 0.0296875 0.11484375
0 0.46484375 0.65859375 0.02578125 0.12109375
0 0.65 0.640625 0.0234375 0.12109375
0 0.3984375 0.665625 0.0234375 0.125
0 0.37109375 0.69609375 0.03203125 0.18515625
0 0.66875 0.6375 0.02265625 0.11484375
0 0.59140625 0.65078125 0.0234375 0.13984375
0 0.42578125 0.6625 0.0203125 0.11484375
0 0.490625 0.66015625 0.02265625 0.10390625
0 0.9703125 0.609375 0.0234375 0.10625
0 0.33671875 0.69453125 0.025 0.18125
0 0.6875 0.64375 0.01796875 0.08984375
0 0.42578125 0.64140625 0.01875 0.07265625
0 0.5734375 0.65390625 0.01875 0.13984375