0 0.08125 0.69609375 0.08125 0.52734375
0 0.56484375 0.56015625 0.04921875 0.28515625
0 0.28828125 0.684375 0.0890625 0.46875
0 0.63515625 0.578125 0.0578125 0.2875
0 0.4515625 0.596875 0.0671875 0.32109375
0 0.9046875 0.48984375 0.034375 0.175
0 0.8484375 0.5 0.03046875 0.16640625
0 0.02265625 0.67109375 0.04453125 0.41640625
0 0.178125 0.58671875 0.0625 0.23359375
0 0.22734375 0.57890625 0.0421875 0.22265625
0 0.3609375 0.56015625 0.03515625 0.18984375
0 0.53359375 0.553125 0.0328125 0.21640625
0 0.5109375 0.54296875 0.0296875 0.22734375
0 0.203125 0.54921875 0.02578125 0.15234375
0 0.41875 0.59140625 0.0375 0.29140625
0 0.33125 0.56640625 0.04140625 0.21640625
0 0.72109375 0.48515625 0.01875 0.07109375
0 0.7765625 0.48125 0.0203125 0.06484375