0 0.03203125 0.86640625 0.053125 0.26015625
0 0.171875 0.834375 0.0375 0.24375
0 0.08359375 0.86875 0.0515625 0.25625
0 0.51328125 0.75703125 0.0296875 0.1375
0 0.78359375 0.73515625 0.03984375 0.14375
0 0.8765625 0.72890625 0.04609375 0.17890625
0 0.41796875 0.778125 0.0296875 0.1625
0 0.48515625 0.75390625 0.02734375 0.11640625
0 0.7171875 0.7375 0.028125 0.13984375
0 0.9359375 0.71328125 0.02578125 0.125
0 0.390625 0.78359375 0.03203125 0.16875
0 0.84296875 0.73671875 0.0328125 0.1625
0 0.19765625 0.83828125 0.03984375 0.23125
0 0.63828125 0.74140625 0.025 0.13359375
0 0.265625 0.84375 0.0375 0.2625
0 0.44375 0.76875 0.0296875 0.13515625
0 0.359375 0.7625 0.0203125 0.10234375
0 0.33984375 0.76328125 0.02109375 0.08984375
0 0.30546875 0.82421875 0.04140625 0.23359375
0 0.43984375 0.76875 0.02265625 0.13125
0 0.45390625 0.76796875 0.025 0.13359375
0 0.29609375 0.75234375 0.028125 0.125
0 0.4359375 0.765625 0.01875 0.12109375