0 0.9234375 0.6375 0.065625 0.26875
0 0.9734375 0.63515625 0.053125 0.31640625
0 0.1703125 0.65625 0.046875 0.20859375
0 0.54375 0.63984375 0.06328125 0.2375
0 0.2390625 0.64453125 0.046875 0.18359375
0 0.440625 0.59453125 0.025 0.12109375
0 0.09296875 0.6375 0.03046875 0.15
0 0.7296875 0.6 0.04375 0.1625
0 0.50546875 0.6375 0.04609375 0.26875
0 0.60390625 0.61015625 0.025 0.14609375
0 0.06796875 0.6375 0.02734375 0.1125
0 0.29609375 0.61640625 0.02109375 0.12734375
0 0.27265625 0.63046875 0.02265625 0.11015625
0 0.39140625 0.62109375 0.025 0.12890625
0 0.884375 0.59140625 0.03984375 0.16640625
0 0.146875 0.61796875 0.02109375 0.11875
0 0.6953125 0.59609375 0.03515625 0.11015625
0 0.37265625 0.6 0.02578125 0.125
0 0.14453125 0.62578125 0.01640625 0.10390625