0 0.928125 0.640625 0.0390625 0.12265625
0 0.3078125 0.728125 0.03671875 0.23984375
0 0.859375 0.6625 0.03046875 0.16484375
0 0.2640625 0.72265625 0.034375 0.21015625
0 0.621875 0.66328125 0.0234375 0.11484375
0 0.46171875 0.721875 0.03984375 0.21640625
0 0.33671875 0.73046875 0.04140625 0.22734375
0 0.7515625 0.66875 0.02734375 0.13359375
0 0.425 0.67734375 0.02578125 0.12890625
0 0.64453125 0.65703125 0.03046875 0.1375
0 0.5609375 0.675 0.02109375 0.14765625
0 0.54140625 0.67421875 0.02578125 0.15390625
0 0.5046875 0.7125 0.034375 0.23359375
0 0.375 0.684375 0.0234375 0.12890625
0 0.28671875 0.72734375 0.02265625 0.22265625
0 0.56484375 0.671875 0.025 0.13984375
0 0.29765625 0.72734375 0.03984375 0.22265625