0 0.06015625 0.5765625 0.0421875 0.20546875
0 0.64296875 0.909375 0.04453125 0.18046875
0 0.2125 0.33671875 0.03359375 0.171875
0 0.55859375 0.19765625 0.034375 0.16875
0 0.70859375 0.54453125 0.03515625 0.18671875
0 0.3296875 0.78671875 0.04453125 0.1984375
0 0.50078125 0.91953125 0.05390625 0.16015625
0 0.45 0.371875 0.0328125 0.16796875
0 0.75625 0.88046875 0.06015625 0.23515625
0 0.92578125 0.52890625 0.04140625 0.203125
0 0.553125 0.840625 0.05546875 0.23671875
0 0.4015625 0.6734375 0.03203125 0.209375
0 0.56484375 0.35625 0.03203125 0.15625
0 0.41875 0.3390625 0.03203125 0.19375
0 0.5921875 0.9671875 0.04140625 0.065625
0 0.14921875 0.19296875 0.03125 0.17578125
0 0.91640625 0.2984375 0.0296875 0.1546875
0 0.484375 0.20859375 0.02265625 0.13828125
0 0.8609375 0.3578125 0.03203125 0.17578125
0 0.45546875 0.20078125 0.02109375 0.1390625
0 0.12265625 0.18671875 0.03203125 0.15859375
0 0.1765625 0.21640625 0.03359375 0.1734375
0 0.73046875 0.6734375 0.05 0.23125
0 0.42265625 0.196875 0.03203125 0.13203125
0 0.7359375 0.66796875 0.03203125 0.21484375