0 0.0609375 0.5859375 0.03671875 0.1984375
0 0.55859375 0.19140625 0.034375 0.16875
0 0.6390625 0.90390625 0.046875 0.19140625
0 0.70859375 0.5453125 0.03515625 0.18828125
0 0.553125 0.84453125 0.05859375 0.23046875
0 0.51171875 0.92109375 0.03984375 0.15703125
0 0.91875 0.52109375 0.04609375 0.21015625
0 0.45 0.37109375 0.03125 0.16796875
0 0.209375 0.33203125 0.03125 0.16484375
0 0.5609375 0.35390625 0.03203125 0.16875
0 0.7359375 0.8390625 0.05859375 0.203125
0 0.9125 0.290625 0.0296875 0.16015625
0 0.4078125 0.67421875 0.04140625 0.20703125
0 0.41875 0.33828125 0.03203125 0.19375
0 0.33125 0.7859375 0.04140625 0.19375
0 0.859375 0.3484375 0.03515625 0.17421875
0 0.421875 0.19765625 0.03203125 0.13984375
0 0.48359375 0.203125 0.02265625 0.13671875
0 0.72890625 0.659375 0.04921875 0.2046875
0 0.73515625 0.65625 0.03046875 0.18984375
0 0.14765625 0.18359375 0.03203125 0.19140625
0 0.453125 0.19609375 0.02109375 0.13984375
0 0.94609375 0.51171875 0.028125 0.1765625