0 0.67109375 0.94140625 0.04765625 0.11640625
0 0.44921875 0.8828125 0.0515625 0.234375
0 0.0609375 0.5171875 0.03984375 0.19921875
0 0.7078125 0.54453125 0.03515625 0.18671875
0 0.22109375 0.378125 0.04140625 0.175
0 0.55234375 0.25234375 0.03671875 0.178125
0 0.55078125 0.7765625 0.046875 0.21875
0 0.49453125 0.240625 0.02421875 0.13671875
0 0.33125 0.79140625 0.04296875 0.19453125
0 0.4 0.66875 0.03203125 0.2046875
0 0.9578125 0.59296875 0.04609375 0.184375
0 0.434375 0.3828125 0.03515625 0.184375
0 0.6015625 0.315625 0.03203125 0.16640625
0 0.88359375 0.39375 0.03671875 0.17890625
0 0.55234375 0.92109375 0.05 0.15703125
0 0.86484375 0.17890625 0.028125 0.15703125
0 0.47109375 0.2359375 0.02265625 0.14375
0 0.9140625 0.40234375 0.03046875 0.1546875
0 0.15625 0.18046875 0.03359375 0.19609375
0 0.184375 0.19453125 0.0296875 0.16171875
0 0.4171875 0.33359375 0.02890625 0.17890625
0 0.728125 0.665625 0.04921875 0.21953125
0 0.946875 0.33671875 0.0328125 0.16796875
0 0.89296875 0.26484375 0.02734375 0.12890625
0 0.209375 0.21953125 0.02890625 0.146875
0 0.540625 0.0671875 0.02890625 0.13359375
0 0.43515625 0.21484375 0.02578125 0.14921875
0 0.734375 0.66484375 0.03046875 0.20859375