0 0.67734375 0.94296875 0.0484375 0.1140625
0 0.553125 0.2640625 0.03828125 0.1765625
0 0.45 0.86875 0.0484375 0.228125
0 0.5515625 0.76328125 0.04921875 0.21171875
0 0.22265625 0.3796875 0.03984375 0.17578125
0 0.7078125 0.54609375 0.03671875 0.19375
0 0.33203125 0.78984375 0.0421875 0.18984375
0 0.49765625 0.24375 0.0234375 0.13984375
0 0.88671875 0.40703125 0.03984375 0.178125
0 0.4328125 0.38671875 0.0375 0.18359375
0 0.60703125 0.31015625 0.03203125 0.17109375
0 0.54921875 0.91484375 0.0546875 0.1703125
0 0.91484375 0.40546875 0.0296875 0.15859375
0 0.39921875 0.6734375 0.03515625 0.2109375
0 0.8671875 0.18515625 0.02890625 0.15859375
0 0.06171875 0.509375 0.0328125 0.16796875
0 0.47421875 0.24140625 0.02421875 0.1390625
0 0.9484375 0.35 0.034375 0.16484375
0 0.89765625 0.26171875 0.0296875 0.11171875
0 0.96015625 0.59609375 0.04140625 0.18046875
0 0.7296875 0.67109375 0.0484375 0.2265625
0 0.540625 0.06953125 0.028125 0.13515625
0 0.73515625 0.66875 0.02890625 0.2140625
0 0.43828125 0.2171875 0.03046875 0.1546875
0 0.41484375 0.32265625 0.02890625 0.15703125
0 0.1578125 0.18125 0.03828125 0.2