0 0.0625 0.60390625 0.03828125 0.209375
0 0.64140625 0.8984375 0.05625 0.19609375
0 0.559375 0.184375 0.03515625 0.159375
0 0.70859375 0.54453125 0.03515625 0.18828125
0 0.44921875 0.37109375 0.03125 0.16796875
0 0.553125 0.86328125 0.0609375 0.2390625
0 0.2046875 0.3265625 0.034375 0.16796875
0 0.85703125 0.34765625 0.0328125 0.17578125
0 0.40859375 0.67578125 0.03828125 0.2046875
0 0.5546875 0.35234375 0.03515625 0.17109375
0 0.41796875 0.3390625 0.03203125 0.19375
0 0.71015625 0.809375 0.059375 0.21171875
0 0.52421875 0.92109375 0.04921875 0.15625
0 0.9109375 0.5015625 0.03984375 0.203125
0 0.3296875 0.7890625 0.04296875 0.18515625
0 0.91015625 0.28671875 0.03046875 0.1640625
0 0.4515625 0.18984375 0.02421875 0.14453125
0 0.88359375 0.34453125 0.028125 0.16640625
0 0.421875 0.196875 0.03359375 0.14140625
0 0.72890625 0.66875 0.05078125 0.2296875
0 0.98671875 0.5109375 0.0265625 0.1203125
0 0.2796875 0.2078125 0.02578125 0.146875
0 0.9375 0.49453125 0.02890625 0.17578125
0 0.48125 0.196875 0.02421875 0.13046875
0 0.734375 0.66640625 0.03203125 0.21484375
0 0.14609375 0.17890625 0.03671875 0.1953125