0 0.053125 0.65625 0.04140625 0.21171875
0 0.54765625 0.153125 0.0328125 0.16796875
0 0.628125 0.8609375 0.0453125 0.2265625
0 0.709375 0.5453125 0.0359375 0.19375
0 0.53671875 0.37890625 0.034375 0.17890625
0 0.1890625 0.30546875 0.0328125 0.16484375
0 0.409375 0.69375 0.03828125 0.203125
0 0.553125 0.8921875 0.059375 0.215625
0 0.33203125 0.803125 0.0390625 0.18984375
0 0.44921875 0.36640625 0.03125 0.1796875
0 0.4125 0.9671875 0.04296875 0.065625
0 0.87578125 0.45234375 0.04453125 0.196875
0 0.4171875 0.3390625 0.03203125 0.19453125
0 0.965625 0.4859375 0.0328125 0.16796875
0 0.153125 0.25703125 0.02890625 0.16875
0 0.2875 0.23125 0.02421875 0.13515625
0 0.2265625 0.2765625 0.02734375 0.146875
0 0.6234375 0.67890625 0.0484375 0.19375
0 0.69765625 0.953125 0.04921875 0.09375
0 0.64296875 0.96796875 0.0390625 0.0640625
0 0.84375 0.31640625 0.03203125 0.1734375
0 0.24140625 0.24296875 0.03046875 0.1734375
0 0.9015625 0.2609375 0.02578125 0.16015625
0 0.909375 0.43671875 0.03203125 0.19609375
0 0.79296875 0.09453125 0.028125 0.11953125
0 0.47421875 0.17578125 0.0234375 0.13203125
0 0.7734375 0.9671875 0.04453125 0.0640625
0 0.36796875 0.34921875 0.02890625 0.11953125