0 0.6625 0.93203125 0.046875 0.13515625
0 0.553125 0.2453125 0.03671875 0.178125
0 0.45703125 0.89296875 0.05 0.2140625
0 0.56328125 0.928125 0.05234375 0.14375
0 0.0609375 0.51953125 0.04140625 0.19921875
0 0.22421875 0.36171875 0.03515625 0.17109375
0 0.54921875 0.78828125 0.05546875 0.2203125
0 0.7078125 0.5453125 0.034375 0.18828125
0 0.33046875 0.79140625 0.04375 0.19375
0 0.59375 0.32265625 0.03203125 0.171875
0 0.43984375 0.378125 0.034375 0.18046875
0 0.95390625 0.58046875 0.04140625 0.1984375
0 0.4 0.66015625 0.02734375 0.2046875
0 0.4171875 0.3375 0.03203125 0.1890625
0 0.49296875 0.22890625 0.025 0.140625
0 0.86328125 0.17109375 0.0296875 0.15859375
0 0.46796875 0.22578125 0.02109375 0.146875
0 0.14921875 0.190625 0.034375 0.175
0 0.8375 0.9671875 0.053125 0.065625
0 0.93515625 0.33359375 0.03515625 0.175
0 0.7359375 0.66328125 0.03203125 0.20546875
0 0.73046875 0.665625 0.04921875 0.21953125
0 0.434375 0.2140625 0.02734375 0.1484375
0 0.88125 0.25859375 0.0296875 0.13359375
0 0.1875 0.196875 0.03046875 0.16328125
0 0.90703125 0.3890625 0.03203125 0.165625