0 0.06015625 0.56796875 0.04140625 0.20703125
0 0.778125 0.9 0.059375 0.2
0 0.559375 0.2015625 0.03515625 0.14921875
0 0.65078125 0.9140625 0.04765625 0.171875
0 0.70859375 0.54609375 0.03671875 0.19296875
0 0.21328125 0.34375 0.04140625 0.1734375
0 0.55 0.83671875 0.05703125 0.24296875
0 0.4484375 0.37265625 0.0328125 0.16875
0 0.48984375 0.915625 0.0578125 0.16875
0 0.33046875 0.78984375 0.0453125 0.2
0 0.93046875 0.54375 0.0453125 0.22421875
0 0.41875 0.3390625 0.03203125 0.19140625
0 0.40078125 0.66328125 0.02890625 0.196875
0 0.48671875 0.21328125 0.02421875 0.13984375
0 0.14921875 0.19453125 0.0328125 0.1765625
0 0.58046875 0.9578125 0.0453125 0.084375
0 0.5703125 0.3390625 0.03359375 0.16875
0 0.23671875 0.21796875 0.03046875 0.1640625
0 0.86640625 0.36328125 0.0328125 0.16875
0 0.12421875 0.18984375 0.0234375 0.14921875
0 0.178125 0.19296875 0.02890625 0.20546875
0 0.92265625 0.3046875 0.03359375 0.165625
0 0.459375 0.20625 0.02265625 0.14453125
0 0.42578125 0.19921875 0.02890625 0.13046875