0 0.06171875 0.55859375 0.03984375 0.196875
0 0.653125 0.915625 0.04921875 0.16875
0 0.55859375 0.21015625 0.03671875 0.16484375
0 0.7078125 0.54453125 0.03515625 0.190625
0 0.4484375 0.37578125 0.03359375 0.175
0 0.2140625 0.346875 0.03984375 0.17109375
0 0.78671875 0.90703125 0.06015625 0.18515625
0 0.4875 0.91171875 0.05078125 0.1765625
0 0.33046875 0.79140625 0.04453125 0.20078125
0 0.55 0.8265625 0.05625 0.228125
0 0.41796875 0.3390625 0.03203125 0.1859375
0 0.39921875 0.66328125 0.03046875 0.2046875
0 0.5703125 0.33828125 0.03828125 0.17578125
0 0.93203125 0.55546875 0.04765625 0.221875
0 0.578125 0.953125 0.04765625 0.09375
0 0.1484375 0.19609375 0.034375 0.171875
0 0.178125 0.190625 0.02890625 0.2015625
0 0.4875 0.215625 0.025 0.1390625
0 0.92421875 0.309375 0.0328125 0.16953125
0 0.23671875 0.21875 0.03046875 0.1609375
0 0.86875 0.36875 0.03359375 0.175
0 0.46171875 0.20859375 0.02421875 0.14140625
0 0.89609375 0.35859375 0.03359375 0.18125
0 0.8640625 0.240625 0.02890625 0.14609375
0 0.125 0.190625 0.02109375 0.1515625