0 0.665625 0.9375 0.04609375 0.125
0 0.453125 0.8890625 0.05390625 0.221875
0 0.55078125 0.7859375 0.05078125 0.22890625
0 0.5578125 0.9265625 0.04765625 0.14609375
0 0.059375 0.52109375 0.0375 0.2015625
0 0.55234375 0.2515625 0.03515625 0.1796875
0 0.7078125 0.54453125 0.034375 0.18828125
0 0.2234375 0.3703125 0.0421875 0.17578125
0 0.33046875 0.79140625 0.04453125 0.19453125
0 0.95625 0.584375 0.04453125 0.1984375
0 0.4375 0.38125 0.03046875 0.17890625
0 0.596875 0.315625 0.0359375 0.171875
0 0.91015625 0.39453125 0.0328125 0.16015625
0 0.49375 0.2359375 0.02578125 0.14296875
0 0.39921875 0.66328125 0.02890625 0.20078125
0 0.8859375 0.2625 0.03125 0.128125
0 0.1546875 0.1890625 0.03359375 0.17890625
0 0.86484375 0.17421875 0.02890625 0.159375
0 0.41640625 0.33359375 0.03046875 0.18671875
0 0.46953125 0.228125 0.02265625 0.14921875
0 0.73515625 0.6640625 0.03046875 0.20625
0 0.940625 0.33515625 0.03125 0.1609375
0 0.878125 0.39140625 0.03828125 0.171875
0 0.72890625 0.66875 0.04921875 0.2234375
0 0.21015625 0.21328125 0.0296875 0.16015625
0 0.18515625 0.19609375 0.03359375 0.16640625
0 0.4328125 0.21328125 0.0234375 0.14375
0 0.540625 0.06484375 0.02734375 0.128125
0 0.1171875 0.1921875 0.040625 0.165625