0 0.06015625 0.57890625 0.0421875 0.20625
0 0.64140625 0.90859375 0.04453125 0.18203125
0 0.5578125 0.19765625 0.03515625 0.17109375
0 0.2125 0.33359375 0.034375 0.1703125
0 0.70859375 0.54453125 0.03515625 0.18671875
0 0.925 0.53046875 0.04140625 0.2046875
0 0.553125 0.84140625 0.05625 0.23359375
0 0.3296875 0.78671875 0.04453125 0.1984375
0 0.7546875 0.87890625 0.0609375 0.24140625
0 0.50390625 0.91953125 0.04921875 0.16015625
0 0.45 0.37109375 0.0328125 0.16796875
0 0.5640625 0.35703125 0.0328125 0.15546875
0 0.40234375 0.67421875 0.0328125 0.209375
0 0.41953125 0.33828125 0.03203125 0.1953125
0 0.59375 0.9671875 0.04375 0.065625
0 0.915625 0.2984375 0.0296875 0.15390625
0 0.484375 0.20859375 0.02265625 0.1390625
0 0.1484375 0.1921875 0.03125 0.1765625
0 0.121875 0.18515625 0.03203125 0.16015625
0 0.86015625 0.35703125 0.03203125 0.175
0 0.42265625 0.1984375 0.03203125 0.13359375
0 0.45546875 0.20078125 0.02109375 0.1390625
0 0.7296875 0.671875 0.04765625 0.2265625