0 0.06328125 0.596875 0.03984375 0.2109375
0 0.63984375 0.90078125 0.05078125 0.19453125
0 0.5578125 0.1859375 0.034375 0.15859375
0 0.7078125 0.54453125 0.03515625 0.18828125
0 0.55234375 0.8484375 0.05859375 0.23203125
0 0.45 0.37109375 0.03125 0.16796875
0 0.72578125 0.82265625 0.05546875 0.196875
0 0.51484375 0.921875 0.034375 0.1546875
0 0.20859375 0.33125 0.03515625 0.16796875
0 0.91640625 0.5125 0.0453125 0.21484375
0 0.40859375 0.671875 0.040625 0.2046875
0 0.559375 0.353125 0.03046875 0.16796875
0 0.41875 0.3390625 0.03125 0.190625
0 0.85703125 0.346875 0.0328125 0.175
0 0.91171875 0.2859375 0.03125 0.15546875
0 0.3328125 0.78671875 0.03828125 0.18984375
0 0.421875 0.1984375 0.03203125 0.14375
0 0.88515625 0.34375 0.02890625 0.165625
0 0.72890625 0.67421875 0.04921875 0.2359375
0 0.453125 0.19140625 0.0203125 0.1359375
0 0.48359375 0.20078125 0.025 0.13359375
0 0.9421875 0.4984375 0.0296875 0.1953125
0 0.94140625 0.30078125 0.02890625 0.15703125
0 0.7359375 0.66875 0.02890625 0.21328125
0 0.45078125 0.19921875 0.0265625 0.14921875