0 0.06171875 0.5484375 0.0375 0.19921875
0 0.21484375 0.34921875 0.0359375 0.16875
0 0.55859375 0.21484375 0.03671875 0.1703125
0 0.6578125 0.9171875 0.053125 0.165625
0 0.70859375 0.5453125 0.0359375 0.19140625
0 0.4859375 0.9078125 0.04453125 0.18046875
0 0.79609375 0.91484375 0.05859375 0.1703125
0 0.575 0.95 0.05546875 0.09921875
0 0.446875 0.378125 0.03515625 0.17578125
0 0.33046875 0.79296875 0.04296875 0.1984375
0 0.55 0.815625 0.05546875 0.21640625
0 0.41796875 0.33828125 0.03125 0.1890625
0 0.93515625 0.55625 0.05078125 0.22109375
0 0.39765625 0.659375 0.03359375 0.20625
0 0.5734375 0.33515625 0.0359375 0.175
0 0.86875 0.37265625 0.03515625 0.17890625
0 0.4640625 0.2109375 0.02578125 0.1390625
0 0.4890625 0.21640625 0.02421875 0.140625
0 0.9265625 0.3140625 0.034375 0.16640625
0 0.1796875 0.19375 0.03125 0.19140625
0 0.14765625 0.190625 0.0359375 0.16953125
0 0.43046875 0.203125 0.02421875 0.1359375