0 0.05625 0.621875 0.04453125 0.2015625
0 0.6421875 0.88671875 0.05078125 0.2234375
0 0.55546875 0.17265625 0.03359375 0.16875
0 0.70859375 0.54453125 0.034375 0.1890625
0 0.41484375 0.684375 0.03671875 0.209375
0 0.1953125 0.31796875 0.0375 0.16328125
0 0.44921875 0.36875 0.03203125 0.1734375
0 0.54609375 0.36328125 0.03515625 0.1765625
0 0.89453125 0.478125 0.04375 0.20078125
0 0.41796875 0.33984375 0.03125 0.18984375
0 0.33046875 0.79921875 0.04296875 0.184375
0 0.55546875 0.87421875 0.05546875 0.228125
0 0.98203125 0.496875 0.03515625 0.13828125
0 0.53515625 0.9234375 0.04296875 0.15
0 0.8515625 0.33046875 0.03359375 0.1703125
0 0.23046875 0.259375 0.0265625 0.159375
0 0.70078125 0.9671875 0.04375 0.065625
0 0.28515625 0.21640625 0.02734375 0.146875
0 0.671875 0.76328125 0.05625 0.228125
0 0.90546875 0.271875 0.02734375 0.159375
0 0.67265625 0.71171875 0.05390625 0.12421875
0 0.73203125 0.66796875 0.04375 0.225
0 0.75 0.09765625 0.0265625 0.1296875
0 0.7359375 0.665625 0.02890625 0.21171875
0 0.98515625 0.29921875 0.02890625 0.159375