0 0.04921875 0.6640625 0.03984375 0.21875
0 0.54375 0.14296875 0.03203125 0.17109375
0 0.62890625 0.85859375 0.0515625 0.21796875
0 0.53203125 0.38671875 0.03359375 0.18046875
0 0.709375 0.54375 0.03671875 0.19296875
0 0.69609375 0.95 0.0515625 0.1
0 0.55625 0.89765625 0.06015625 0.2046875
0 0.609375 0.65234375 0.04921875 0.184375
0 0.18671875 0.29453125 0.03046875 0.16171875
0 0.33203125 0.80390625 0.03828125 0.18984375
0 0.44921875 0.36640625 0.03046875 0.178125
0 0.40703125 0.6984375 0.046875 0.209375
0 0.42109375 0.9625 0.0421875 0.075
0 0.41796875 0.3390625 0.03203125 0.19453125
0 0.15 0.2578125 0.02734375 0.16328125
0 0.959375 0.4828125 0.0390625 0.16875
0 0.8671875 0.44609375 0.04140625 0.19609375
0 0.2265625 0.28125 0.03046875 0.159375
0 0.953125 0.26875 0.03203125 0.15625
0 0.2875 0.2359375 0.02734375 0.13046875
0 0.7921875 0.09140625 0.02734375 0.11953125
0 0.47421875 0.17578125 0.021875 0.13125
0 0.83984375 0.30625 0.03359375 0.16953125
0 0.63984375 0.9640625 0.04296875 0.071875
0 0.609375 0.6265625 0.04921875 0.13046875
0 0.240625 0.2375 0.03125 0.15390625
0 0.903125 0.4265625 0.03515625 0.18828125
0 0.36796875 0.35 0.028125 0.12109375
0 0.734375 0.671875 0.04453125 0.2296875