0 0.47890625 0.9046875 0.0453125 0.190625
0 0.0625 0.5453125 0.03515625 0.19375
0 0.6640625 0.92265625 0.059375 0.1546875
0 0.58046875 0.3296875 0.03515625 0.1734375
0 0.55703125 0.22578125 0.03359375 0.16640625
0 0.55 0.8125 0.05390625 0.225
0 0.70859375 0.546875 0.0359375 0.19140625
0 0.56953125 0.94609375 0.06171875 0.10625
0 0.21875 0.353125 0.03203125 0.1640625
0 0.33046875 0.79140625 0.04296875 0.19375
0 0.39765625 0.66015625 0.03125 0.209375
0 0.80859375 0.9296875 0.06640625 0.140625
0 0.41796875 0.3375 0.03203125 0.18828125
0 0.94609375 0.55703125 0.04609375 0.21953125
0 0.4453125 0.378125 0.03515625 0.175
0 0.86953125 0.37421875 0.03515625 0.1765625
0 0.1484375 0.190625 0.034375 0.171875
0 0.92890625 0.31796875 0.03125 0.165625
0 0.18046875 0.2 0.03359375 0.1796875
0 0.86953125 0.24453125 0.0296875 0.1359375
0 0.46484375 0.2109375 0.02421875 0.14453125
0 0.89921875 0.3703125 0.02734375 0.16875
0 0.49140625 0.21953125 0.02421875 0.13828125
0 0.73125 0.66953125 0.04765625 0.2203125
0 0.73515625 0.665625 0.02890625 0.20625
0 0.43203125 0.2015625 0.021875 0.1296875
0 0.2375 0.215625 0.0296875 0.16328125