0 0.053125 0.63515625 0.04296875 0.20625
0 0.553125 0.8890625 0.0578125 0.22109375
0 0.54140625 0.378125 0.0359375 0.18046875
0 0.54921875 0.15703125 0.03203125 0.1703125
0 0.19140625 0.30546875 0.03203125 0.1640625
0 0.70859375 0.54609375 0.0359375 0.19296875
0 0.33203125 0.80390625 0.0390625 0.19296875
0 0.415625 0.690625 0.03828125 0.20703125
0 0.63359375 0.87578125 0.0453125 0.2203125
0 0.44921875 0.36640625 0.03125 0.1765625
0 0.88359375 0.47109375 0.04453125 0.209375
0 0.41796875 0.3390625 0.03203125 0.19375
0 0.640625 0.709375 0.05390625 0.19921875
0 0.23046875 0.259375 0.03203125 0.16953125
0 0.9734375 0.49296875 0.03671875 0.1515625
0 0.69921875 0.959375 0.04609375 0.0796875
0 0.47421875 0.18203125 0.02421875 0.1390625
0 0.15703125 0.24921875 0.02890625 0.16484375
0 0.2875 0.2234375 0.02578125 0.14453125
0 0.73515625 0.665625 0.03125 0.209375
0 0.903125 0.26640625 0.02890625 0.15546875
0 0.84609375 0.32109375 0.03515625 0.17421875
0 0.7328125 0.66953125 0.04453125 0.2203125
0 0.77421875 0.96796875 0.0421875 0.0640625
0 0.79609375 0.09609375 0.02421875 0.10703125
0 0.98828125 0.2984375 0.02265625 0.18359375