0 0.05234375 0.634375 0.04453125 0.209375
0 0.5421875 0.378125 0.0359375 0.18125
0 0.553125 0.8890625 0.05859375 0.221875
0 0.19140625 0.30703125 0.03203125 0.16171875
0 0.55 0.159375 0.03359375 0.16640625
0 0.7078125 0.546875 0.03515625 0.19296875
0 0.33203125 0.803125 0.03828125 0.19140625
0 0.415625 0.6890625 0.03828125 0.20703125
0 0.634375 0.878125 0.04765625 0.22421875
0 0.44921875 0.36796875 0.03203125 0.17578125
0 0.884375 0.47109375 0.04453125 0.2046875
0 0.4171875 0.33828125 0.03125 0.19296875
0 0.23125 0.2578125 0.03359375 0.16953125
0 0.6453125 0.69921875 0.05234375 0.178125
0 0.7 0.96015625 0.046875 0.0796875
0 0.97421875 0.49375 0.03515625 0.1484375
0 0.7359375 0.665625 0.0296875 0.21015625
0 0.77421875 0.96953125 0.0421875 0.0609375
0 0.4734375 0.1828125 0.0234375 0.13828125
0 0.7328125 0.66953125 0.04453125 0.2234375
0 0.2875 0.2234375 0.02421875 0.14375
0 0.90390625 0.26640625 0.02890625 0.15546875
0 0.15625 0.25078125 0.028125 0.1609375
0 0.796875 0.096875 0.02421875 0.11015625
0 0.91328125 0.45703125 0.034375 0.18125
0 0.98828125 0.296875 0.02265625 0.1796875
0 0.84765625 0.321875 0.0359375 0.17421875