0 0.0609375 0.56328125 0.04140625 0.2015625
0 0.559375 0.20625 0.0359375 0.15703125
0 0.784375 0.9046875 0.05859375 0.190625
0 0.65234375 0.91484375 0.0484375 0.1703125
0 0.2140625 0.34609375 0.03984375 0.17421875
0 0.70859375 0.54453125 0.0359375 0.19296875
0 0.4484375 0.37421875 0.03359375 0.1703125
0 0.4875 0.91328125 0.05703125 0.1734375
0 0.33046875 0.790625 0.0453125 0.20078125
0 0.55 0.83125 0.05859375 0.2359375
0 0.41875 0.3390625 0.0328125 0.18984375
0 0.4 0.6640625 0.03046875 0.20078125
0 0.9328125 0.5515625 0.04921875 0.2234375
0 0.5796875 0.95546875 0.046875 0.0890625
0 0.5703125 0.3390625 0.0359375 0.1765625
0 0.1484375 0.19453125 0.03359375 0.1765625
0 0.178125 0.19140625 0.0296875 0.20390625
0 0.48828125 0.21484375 0.02421875 0.13984375
0 0.92421875 0.30703125 0.03359375 0.16640625
0 0.23671875 0.21796875 0.0296875 0.16015625
0 0.4609375 0.20859375 0.02421875 0.14375
0 0.8953125 0.353125 0.03359375 0.18671875
0 0.12421875 0.1890625 0.021875 0.15
0 0.8625 0.2375 0.028125 0.13984375
0 0.42734375 0.1984375 0.02734375 0.13046875