0 0.4640625 0.8984375 0.04609375 0.203125
0 0.55390625 0.23671875 0.0375 0.178125
0 0.66328125 0.92734375 0.05234375 0.14296875
0 0.565625 0.9328125 0.05546875 0.134375
0 0.70859375 0.54453125 0.0359375 0.18984375
0 0.54765625 0.7984375 0.05703125 0.228125
0 0.0609375 0.52578125 0.0390625 0.196875
0 0.22265625 0.359375 0.03203125 0.17109375
0 0.590625 0.3265625 0.03359375 0.17421875
0 0.33046875 0.79375 0.04453125 0.20078125
0 0.49296875 0.22890625 0.02421875 0.14375
0 0.440625 0.37890625 0.034375 0.18203125
0 0.8328125 0.95546875 0.0625 0.0890625
0 0.4171875 0.33984375 0.03125 0.19296875
0 0.3984375 0.65859375 0.028125 0.21015625
0 0.95078125 0.57578125 0.04375 0.21328125
0 0.93359375 0.32578125 0.03515625 0.1734375
0 0.4671875 0.2234375 0.02109375 0.1484375
0 0.14765625 0.19296875 0.03515625 0.1703125
0 0.434375 0.21484375 0.0265625 0.1515625
0 0.184375 0.19375 0.03515625 0.171875
0 0.87734375 0.2515625 0.028125 0.12578125
0 0.734375 0.66484375 0.0296875 0.2109375
0 0.73046875 0.66796875 0.04765625 0.22421875
0 0.9046875 0.3875 0.03515625 0.165625
0 0.86328125 0.16640625 0.02734375 0.15390625
0 0.87265625 0.38125 0.03515625 0.184375
0 0.1171875 0.190625 0.04140625 0.1734375