0 0.6625 0.93046875 0.0484375 0.13828125
0 0.56328125 0.9296875 0.0546875 0.140625
0 0.55234375 0.240625 0.0375 0.1765625
0 0.46015625 0.8953125 0.0484375 0.209375
0 0.5484375 0.79453125 0.05703125 0.22890625
0 0.0609375 0.5234375 0.04140625 0.196875
0 0.22421875 0.3609375 0.03359375 0.1734375
0 0.7078125 0.54453125 0.03515625 0.18828125
0 0.5921875 0.32578125 0.03359375 0.17421875
0 0.33046875 0.79296875 0.04453125 0.19921875
0 0.953125 0.57890625 0.04140625 0.2015625
0 0.834375 0.96015625 0.0578125 0.0796875
0 0.14921875 0.1921875 0.0328125 0.1703125
0 0.4171875 0.3390625 0.03125 0.19375
0 0.39921875 0.6609375 0.02734375 0.20703125
0 0.49296875 0.2296875 0.02421875 0.14375
0 0.440625 0.38125 0.03359375 0.17890625
0 0.4671875 0.23125 0.02109375 0.13671875
0 0.93359375 0.33046875 0.03515625 0.17421875
0 0.8625 0.16953125 0.0296875 0.15703125
0 0.18671875 0.19453125 0.03203125 0.1640625
0 0.434375 0.2140625 0.0265625 0.1515625
0 0.73046875 0.665625 0.046875 0.21953125
0 0.7359375 0.6640625 0.03046875 0.20703125
0 0.21328125 0.2046875 0.0265625 0.14375
0 0.53984375 0.06171875 0.02578125 0.1203125
0 0.11875 0.1921875 0.0359375 0.16796875
0 0.90625 0.38828125 0.034375 0.16953125
0 0.8734375 0.384375 0.03515625 0.1796875