0 0.665625 0.9375 0.046875 0.125
0 0.453125 0.88828125 0.0546875 0.2234375
0 0.06015625 0.51953125 0.03515625 0.20546875
0 0.55703125 0.9265625 0.04765625 0.146875
0 0.553125 0.25078125 0.03515625 0.17578125
0 0.7078125 0.54453125 0.03359375 0.18828125
0 0.55078125 0.7828125 0.04921875 0.22578125
0 0.221875 0.371875 0.03984375 0.17578125
0 0.49453125 0.23671875 0.02578125 0.14375
0 0.33046875 0.79140625 0.0453125 0.196875
0 0.9109375 0.3953125 0.0328125 0.1609375
0 0.95703125 0.584375 0.04453125 0.19609375
0 0.43671875 0.38046875 0.03046875 0.1796875
0 0.5984375 0.3140625 0.03515625 0.1703125
0 0.4 0.66328125 0.02890625 0.2
0 0.46953125 0.2296875 0.02265625 0.15
0 0.8796875 0.39140625 0.03671875 0.17421875
0 0.41640625 0.33359375 0.03046875 0.184375
0 0.88828125 0.26328125 0.02734375 0.128125
0 0.7296875 0.6703125 0.05078125 0.22890625
0 0.15546875 0.1890625 0.0328125 0.17890625
0 0.8640625 0.17578125 0.02890625 0.16015625
0 0.734375 0.6671875 0.03203125 0.2140625
0 0.18515625 0.19609375 0.03203125 0.16484375
0 0.21015625 0.21171875 0.0296875 0.15390625
0 0.4328125 0.21171875 0.0234375 0.13984375
0 0.540625 0.065625 0.02890625 0.1296875
0 0.94140625 0.3375 0.02890625 0.15625