0 0.06171875 0.54921875 0.03828125 0.2
0 0.21484375 0.35 0.0328125 0.16640625
0 0.65859375 0.91796875 0.0515625 0.1640625
0 0.484375 0.90703125 0.04375 0.18515625
0 0.70859375 0.54609375 0.03515625 0.19140625
0 0.55859375 0.21640625 0.0359375 0.175
0 0.55 0.8140625 0.05390625 0.21953125
0 0.5734375 0.94921875 0.05703125 0.1
0 0.33046875 0.790625 0.04375 0.196875
0 0.446875 0.3734375 0.03515625 0.1859375
0 0.7984375 0.91796875 0.059375 0.1640625
0 0.4171875 0.33828125 0.03203125 0.1890625
0 0.5734375 0.334375 0.03671875 0.17578125
0 0.39765625 0.66171875 0.03359375 0.21171875
0 0.93671875 0.55703125 0.05078125 0.21953125
0 0.8703125 0.37421875 0.034375 0.17890625
0 0.4640625 0.2109375 0.02578125 0.14140625
0 0.48984375 0.2171875 0.025 0.13984375
0 0.17890625 0.2046875 0.0296875 0.16953125
0 0.865625 0.2421875 0.02890625 0.13828125
0 0.2375 0.215625 0.03046875 0.15703125
0 0.7359375 0.6640625 0.02890625 0.20703125
0 0.43125 0.203125 0.02421875 0.13515625
0 0.14765625 0.1890625 0.0359375 0.1734375