0 0.66484375 0.9265625 0.05703125 0.146875
0 0.56796875 0.9390625 0.0578125 0.121875
0 0.54921875 0.81015625 0.05546875 0.23046875
0 0.0625 0.53984375 0.03828125 0.2
0 0.47109375 0.90234375 0.04453125 0.1953125
0 0.55390625 0.2296875 0.03515625 0.171875
0 0.70859375 0.54609375 0.03515625 0.19375
0 0.5875 0.32890625 0.03125 0.16953125
0 0.22109375 0.353125 0.03125 0.15703125
0 0.33046875 0.79140625 0.04296875 0.1953125
0 0.825 0.94453125 0.0640625 0.11015625
0 0.95 0.56640625 0.05 0.23515625
0 0.396875 0.65859375 0.03203125 0.2140625
0 0.44375 0.3765625 0.03359375 0.18125
0 0.49296875 0.22578125 0.0234375 0.13984375
0 0.8625 0.16171875 0.02734375 0.14921875
0 0.4171875 0.33828125 0.03046875 0.1859375
0 0.14765625 0.19140625 0.0359375 0.1734375
0 0.8703125 0.378125 0.03515625 0.16953125
0 0.18359375 0.20234375 0.034375 0.16640625
0 0.8734375 0.2515625 0.02890625 0.12578125
0 0.465625 0.21796875 0.02265625 0.153125
0 0.73515625 0.66328125 0.03046875 0.20546875
0 0.9296875 0.31796875 0.03203125 0.1609375
0 0.73125 0.66640625 0.04609375 0.21875
0 0.43203125 0.21171875 0.02265625 0.14921875
0 0.9046875 0.38125 0.03203125 0.165625