0 0.48203125 0.90546875 0.04453125 0.1890625
0 0.66171875 0.921875 0.05703125 0.15625
0 0.5765625 0.33125 0.03828125 0.175
0 0.55859375 0.2234375 0.034375 0.17421875
0 0.06171875 0.54609375 0.03671875 0.19453125
0 0.7078125 0.5453125 0.03515625 0.19140625
0 0.57109375 0.9484375 0.059375 0.103125
0 0.55078125 0.81328125 0.05390625 0.221875
0 0.21640625 0.3484375 0.03046875 0.165625
0 0.803125 0.92265625 0.05625 0.1546875
0 0.33046875 0.79140625 0.04296875 0.1953125
0 0.41796875 0.3375 0.03203125 0.18984375
0 0.44609375 0.37890625 0.0359375 0.175
0 0.39765625 0.659375 0.0328125 0.20703125
0 0.8703125 0.37578125 0.0359375 0.17578125
0 0.93984375 0.55703125 0.046875 0.23125
0 0.490625 0.21875 0.02421875 0.13828125
0 0.4640625 0.2109375 0.02578125 0.140625
0 0.9015625 0.37421875 0.03203125 0.16328125
0 0.1484375 0.19140625 0.03359375 0.17109375
0 0.1796875 0.2015625 0.03046875 0.1765625
0 0.92734375 0.31796875 0.034375 0.16484375
0 0.43125 0.20078125 0.0234375 0.1296875
0 0.86796875 0.240625 0.02734375 0.13828125
0 0.73515625 0.66328125 0.02890625 0.20390625