0 0.6625 0.9328125 0.046875 0.134375
0 0.45625 0.89140625 0.05234375 0.21640625
0 0.55234375 0.246875 0.03515625 0.1796875
0 0.56015625 0.928125 0.0515625 0.14375
0 0.06015625 0.51953125 0.040625 0.2
0 0.54921875 0.7859375 0.05234375 0.21796875
0 0.22421875 0.365625 0.0359375 0.17109375
0 0.7078125 0.54453125 0.034375 0.18671875
0 0.33125 0.7921875 0.04375 0.1953125
0 0.95390625 0.58125 0.04296875 0.2
0 0.59375 0.31953125 0.03359375 0.17109375
0 0.43984375 0.3765625 0.03359375 0.18203125
0 0.4 0.66171875 0.02734375 0.20625
0 0.41640625 0.33671875 0.03125 0.1890625
0 0.49296875 0.2296875 0.02421875 0.140625
0 0.8828125 0.259375 0.02890625 0.134375
0 0.46875 0.22890625 0.02109375 0.14140625
0 0.14921875 0.18984375 0.034375 0.1765625
0 0.8640625 0.171875 0.02734375 0.15625
0 0.8390625 0.96953125 0.05234375 0.06015625
0 0.1875 0.19453125 0.03046875 0.16484375
0 0.434375 0.215625 0.02734375 0.146875
0 0.7359375 0.665625 0.0296875 0.20546875
0 0.73046875 0.66875 0.04921875 0.21796875
0 0.75703125 0.08203125 0.03046875 0.15625
0 0.11875 0.19375 0.03515625 0.16484375
0 0.9375 0.33359375 0.03125 0.171875
0 0.21328125 0.2109375 0.02734375 0.13984375