0 0.678125 0.94375 0.0484375 0.11171875
0 0.55234375 0.2671875 0.03671875 0.178125
0 0.45078125 0.86640625 0.0484375 0.228125
0 0.54765625 0.9125 0.05546875 0.175
0 0.7078125 0.54609375 0.0359375 0.19296875
0 0.8859375 0.40625 0.03984375 0.18203125
0 0.5515625 0.7609375 0.04921875 0.209375
0 0.22265625 0.38046875 0.03828125 0.1734375
0 0.6078125 0.309375 0.03125 0.171875
0 0.43359375 0.38671875 0.03515625 0.1859375
0 0.49765625 0.24296875 0.02421875 0.140625
0 0.33203125 0.790625 0.0421875 0.19140625
0 0.915625 0.40546875 0.02734375 0.15703125
0 0.8671875 0.184375 0.02890625 0.159375
0 0.0609375 0.509375 0.03515625 0.16796875
0 0.39921875 0.665625 0.03515625 0.19453125
0 0.94921875 0.3515625 0.03671875 0.16796875
0 0.4734375 0.2421875 0.02578125 0.1390625
0 0.89921875 0.26875 0.03125 0.125
0 0.96171875 0.59453125 0.04140625 0.18203125
0 0.540625 0.06875 0.028125 0.13515625
0 0.73125 0.67109375 0.04921875 0.23046875
0 0.73671875 0.67421875 0.028125 0.2234375
0 0.43828125 0.21875 0.03046875 0.15546875
0 0.1578125 0.18125 0.03828125 0.2
0 0.41484375 0.32421875 0.02890625 0.15859375
0 0.1171875 0.19453125 0.03984375 0.1609375