0 0.053125 0.63125 0.04453125 0.20390625
0 0.5515625 0.16171875 0.03359375 0.16875
0 0.1921875 0.31015625 0.03203125 0.16171875
0 0.553125 0.88515625 0.05859375 0.228125
0 0.54296875 0.375 0.0359375 0.18125
0 0.415625 0.68828125 0.03828125 0.20859375
0 0.33203125 0.80390625 0.03984375 0.190625
0 0.7078125 0.5453125 0.03515625 0.1890625
0 0.63515625 0.878125 0.04765625 0.225
0 0.88671875 0.4734375 0.04296875 0.2015625
0 0.4484375 0.36875 0.03203125 0.175
0 0.41796875 0.33828125 0.03125 0.190625
0 0.6515625 0.71640625 0.05078125 0.19609375
0 0.7 0.96171875 0.04609375 0.07578125
0 0.2296875 0.25859375 0.03125 0.17109375
0 0.84921875 0.32578125 0.03828125 0.1765625
0 0.75078125 0.09609375 0.028125 0.1296875
0 0.9765625 0.49609375 0.03828125 0.14375
0 0.9046875 0.2671875 0.03046875 0.15625
0 0.775 0.97109375 0.03984375 0.05625
0 0.1578125 0.25234375 0.02578125 0.15078125
0 0.73125 0.66875 0.0453125 0.225
0 0.73515625 0.6640625 0.03046875 0.20546875
0 0.79765625 0.09609375 0.02265625 0.109375
0 0.4734375 0.18359375 0.02265625 0.1390625