0 0.0609375 0.58359375 0.03828125 0.2
0 0.55859375 0.190625 0.034375 0.16640625
0 0.6390625 0.9046875 0.04609375 0.190625
0 0.56171875 0.35078125 0.03359375 0.1734375
0 0.70859375 0.5453125 0.03515625 0.18828125
0 0.9203125 0.525 0.0453125 0.2109375
0 0.553125 0.84296875 0.05859375 0.23046875
0 0.2109375 0.33125 0.0328125 0.16640625
0 0.51015625 0.9203125 0.0390625 0.159375
0 0.45078125 0.37109375 0.03203125 0.16640625
0 0.3328125 0.7859375 0.03828125 0.19375
0 0.40703125 0.67421875 0.03984375 0.20703125
0 0.41875 0.33828125 0.03203125 0.19296875
0 0.9125 0.29375 0.0296875 0.16171875
0 0.42265625 0.196875 0.03203125 0.13984375
0 0.7390625 0.846875 0.05703125 0.2109375
0 0.48359375 0.2046875 0.02265625 0.13828125
0 0.8609375 0.35 0.03515625 0.17578125
0 0.72890625 0.65625 0.04765625 0.1953125
0 0.7359375 0.65625 0.0296875 0.1859375
0 0.45390625 0.2 0.021875 0.14375
0 0.14765625 0.18828125 0.03125 0.18203125
0 0.11953125 0.18515625 0.03203125 0.15625