0 0.05234375 0.64609375 0.03984375 0.21328125
0 0.63203125 0.86640625 0.046875 0.21953125
0 0.5390625 0.378125 0.034375 0.1796875
0 0.553125 0.88984375 0.059375 0.2203125
0 0.5484375 0.15703125 0.03203125 0.1703125
0 0.4140625 0.690625 0.03828125 0.20625
0 0.18984375 0.30546875 0.03125 0.1609375
0 0.70859375 0.54609375 0.0359375 0.19296875
0 0.44921875 0.36640625 0.03046875 0.17890625
0 0.33203125 0.8046875 0.03828125 0.190625
0 0.41796875 0.3390625 0.03203125 0.19296875
0 0.8796875 0.46171875 0.04609375 0.20078125
0 0.6984375 0.95625 0.04921875 0.08671875
0 0.96796875 0.48828125 0.03671875 0.16015625
0 0.6328125 0.6890625 0.053125 0.18671875
0 0.84453125 0.315625 0.03203125 0.16953125
0 0.475 0.1796875 0.0234375 0.13828125
0 0.2296875 0.259375 0.0296875 0.17109375
0 0.64609375 0.97265625 0.040625 0.0546875
0 0.2875 0.23046875 0.02421875 0.1359375
0 0.77578125 0.96796875 0.0453125 0.0640625
0 0.7953125 0.09609375 0.02578125 0.11171875
0 0.73515625 0.671875 0.0421875 0.2234375
0 0.73515625 0.66796875 0.0296875 0.21015625
0 0.4359375 0.1859375 0.03359375 0.1640625
0 0.23828125 0.2515625 0.03984375 0.1859375
0 0.15546875 0.2484375 0.02734375 0.1640625
0 0.40703125 0.975 0.0375 0.05