0 0.47890625 0.9046875 0.04296875 0.190625
0 0.0625 0.5484375 0.0375 0.203125
0 0.66328125 0.9234375 0.05859375 0.153125
0 0.55078125 0.8125 0.0546875 0.22578125
0 0.56953125 0.9453125 0.0609375 0.10859375
0 0.70859375 0.54609375 0.0359375 0.19140625
0 0.55546875 0.22734375 0.03359375 0.16640625
0 0.58359375 0.32890625 0.03203125 0.1734375
0 0.21953125 0.353125 0.03203125 0.16640625
0 0.33046875 0.79140625 0.04375 0.19453125
0 0.81015625 0.9328125 0.06796875 0.13359375
0 0.44453125 0.378125 0.03515625 0.17890625
0 0.41796875 0.33828125 0.03203125 0.18828125
0 0.39765625 0.65859375 0.03203125 0.20703125
0 0.946875 0.55859375 0.04453125 0.22109375
0 0.8703125 0.37421875 0.03359375 0.1765625
0 0.92890625 0.31875 0.03203125 0.1640625
0 0.4640625 0.21171875 0.025 0.14609375
0 0.49140625 0.22109375 0.02578125 0.1390625
0 0.1484375 0.19140625 0.03515625 0.1703125
0 0.18046875 0.19765625 0.034375 0.18203125
0 0.87109375 0.24453125 0.02734375 0.1359375
0 0.89921875 0.3734375 0.02578125 0.16484375
0 0.7296875 0.66484375 0.04609375 0.21875
0 0.734375 0.66328125 0.03046875 0.20703125
0 0.43125 0.203125 0.02109375 0.13359375