0 0.0578125 0.61875 0.04453125 0.209375
0 0.64296875 0.890625 0.05234375 0.21328125
0 0.55625 0.1734375 0.0328125 0.16953125
0 0.70859375 0.54453125 0.03359375 0.18828125
0 0.196875 0.3171875 0.034375 0.16328125
0 0.4140625 0.684375 0.03515625 0.2109375
0 0.44921875 0.36875 0.03203125 0.1734375
0 0.41796875 0.3390625 0.03125 0.19375
0 0.546875 0.3625 0.03515625 0.1765625
0 0.6796875 0.7765625 0.0546875 0.24140625
0 0.89609375 0.48671875 0.04453125 0.196875
0 0.3296875 0.8 0.0453125 0.18671875
0 0.553125 0.87421875 0.05703125 0.2359375
0 0.5328125 0.92265625 0.040625 0.1546875
0 0.85234375 0.33203125 0.03359375 0.16640625
0 0.98359375 0.4984375 0.0328125 0.13515625
0 0.90625 0.2734375 0.02890625 0.159375
0 0.73046875 0.6671875 0.04921875 0.225
0 0.70078125 0.9671875 0.0421875 0.065625
0 0.284375 0.21640625 0.028125 0.14140625
0 0.75078125 0.1 0.02578125 0.13125
0 0.734375 0.66640625 0.03046875 0.21796875