0 0.06015625 0.57578125 0.04296875 0.2046875
0 0.55859375 0.19921875 0.03359375 0.16484375
0 0.64296875 0.91015625 0.0453125 0.1796875
0 0.21171875 0.33984375 0.03359375 0.17578125
0 0.7078125 0.54453125 0.03515625 0.18828125
0 0.4984375 0.91875 0.05546875 0.1609375
0 0.3296875 0.78671875 0.0453125 0.1984375
0 0.5515625 0.840625 0.05546875 0.2359375
0 0.759375 0.87890625 0.05859375 0.23046875
0 0.45 0.371875 0.03359375 0.16640625
0 0.41875 0.33828125 0.03203125 0.19453125
0 0.4015625 0.6734375 0.03203125 0.209375
0 0.9265625 0.52890625 0.04453125 0.20703125
0 0.590625 0.965625 0.04375 0.06875
0 0.14921875 0.1921875 0.03203125 0.178125
0 0.9171875 0.30078125 0.0296875 0.159375
0 0.86328125 0.35859375 0.03203125 0.17578125
0 0.484375 0.20859375 0.02265625 0.13828125
0 0.45625 0.2015625 0.02109375 0.1390625
0 0.4234375 0.196875 0.03125 0.13046875
0 0.12265625 0.1875 0.02890625 0.15625
0 0.56640625 0.35625 0.03203125 0.15390625
0 0.73515625 0.66796875 0.03046875 0.21328125
0 0.73046875 0.67265625 0.04765625 0.2296875