0 0.66328125 0.93515625 0.0453125 0.1296875
0 0.559375 0.92734375 0.04765625 0.1453125
0 0.453125 0.8890625 0.0546875 0.22109375
0 0.059375 0.52109375 0.03828125 0.20078125
0 0.55 0.7859375 0.05078125 0.228125
0 0.7078125 0.54453125 0.034375 0.1890625
0 0.55234375 0.25078125 0.0359375 0.1765625
0 0.2234375 0.36953125 0.0421875 0.17578125
0 0.33125 0.79296875 0.04296875 0.19609375
0 0.4375 0.38046875 0.03125 0.18125
0 0.95546875 0.58125 0.0421875 0.1984375
0 0.49375 0.234375 0.025 0.14296875
0 0.4 0.66171875 0.028125 0.19921875
0 0.596875 0.315625 0.0359375 0.1703125
0 0.878125 0.39140625 0.03984375 0.16640625
0 0.415625 0.33671875 0.02890625 0.18046875
0 0.88515625 0.26171875 0.0296875 0.13046875
0 0.8640625 0.171875 0.02890625 0.15703125
0 0.909375 0.38984375 0.03125 0.16484375
0 0.1546875 0.18984375 0.0328125 0.178125
0 0.46953125 0.2265625 0.02265625 0.15
0 0.21015625 0.2125 0.0296875 0.146875
0 0.728125 0.665625 0.0484375 0.21484375
0 0.93984375 0.33515625 0.03046875 0.1640625
0 0.73515625 0.66328125 0.03046875 0.2015625
0 0.4328125 0.21328125 0.02265625 0.14453125
0 0.11640625 0.19375 0.04140625 0.16328125
0 0.1859375 0.19375 0.03125 0.165625
0 0.540625 0.06484375 0.02734375 0.12578125