0 0.05703125 0.61953125 0.04453125 0.20546875
0 0.6421875 0.8890625 0.05 0.215625
0 0.55625 0.1734375 0.03203125 0.1703125
0 0.70859375 0.54453125 0.03359375 0.18984375
0 0.41484375 0.684375 0.03671875 0.2109375
0 0.19609375 0.31796875 0.03515625 0.16015625
0 0.4484375 0.36953125 0.03203125 0.171875
0 0.546875 0.3609375 0.034375 0.1765625
0 0.89609375 0.48359375 0.04375 0.2
0 0.41796875 0.3390625 0.03203125 0.19296875
0 0.33046875 0.79921875 0.04375 0.18671875
0 0.5546875 0.87421875 0.05390625 0.23359375
0 0.534375 0.9234375 0.03984375 0.15078125
0 0.6765625 0.77734375 0.0546875 0.25390625
0 0.8515625 0.33125 0.03359375 0.16953125
0 0.9828125 0.49765625 0.03359375 0.13828125
0 0.7015625 0.9671875 0.04296875 0.065625
0 0.73046875 0.66875 0.0484375 0.2203125
0 0.284375 0.21640625 0.02734375 0.14609375
0 0.90625 0.271875 0.028125 0.159375
0 0.73515625 0.66796875 0.03046875 0.21171875
0 0.75078125 0.1 0.02578125 0.1296875