0 0.6625 0.928125 0.05078125 0.14140625
0 0.56484375 0.93125 0.0546875 0.13671875
0 0.4625 0.896875 0.046875 0.20625
0 0.553125 0.23828125 0.03828125 0.178125
0 0.5484375 0.796875 0.0578125 0.228125
0 0.06171875 0.5234375 0.03984375 0.1984375
0 0.22421875 0.3609375 0.03359375 0.1734375
0 0.7078125 0.54453125 0.03359375 0.18828125
0 0.59140625 0.3265625 0.0328125 0.175
0 0.33046875 0.79140625 0.04453125 0.19609375
0 0.83203125 0.9578125 0.0609375 0.084375
0 0.4171875 0.3390625 0.03203125 0.1890625
0 0.44140625 0.38125 0.03515625 0.178125
0 0.39921875 0.66015625 0.02734375 0.21015625
0 0.49375 0.22890625 0.0234375 0.14375
0 0.95234375 0.5765625 0.0421875 0.2015625
0 0.4671875 0.228125 0.02109375 0.14296875
0 0.93359375 0.32734375 0.03515625 0.1703125
0 0.14921875 0.19140625 0.0328125 0.17109375
0 0.434375 0.21484375 0.02734375 0.1515625
0 0.87265625 0.38203125 0.03515625 0.18046875
0 0.73125 0.67109375 0.04765625 0.2296875
0 0.8625 0.16953125 0.028125 0.1546875
0 0.90546875 0.38828125 0.03359375 0.16796875
0 0.73515625 0.66796875 0.03046875 0.21171875
0 0.18515625 0.1953125 0.03359375 0.16640625
0 0.878125 0.2515625 0.02890625 0.125