0 0.06015625 0.57578125 0.04296875 0.20546875
0 0.5578125 0.2015625 0.034375 0.159375
0 0.21171875 0.340625 0.03515625 0.17421875
0 0.64453125 0.91015625 0.0453125 0.1796875
0 0.7078125 0.54453125 0.03515625 0.18828125
0 0.33046875 0.7875 0.04453125 0.1984375
0 0.49765625 0.91875 0.05859375 0.1609375
0 0.5515625 0.840625 0.0546875 0.23671875
0 0.45 0.371875 0.03359375 0.16640625
0 0.41953125 0.3390625 0.03203125 0.19296875
0 0.7609375 0.88203125 0.06015625 0.225
0 0.928125 0.53125 0.04296875 0.21171875
0 0.40078125 0.6734375 0.03203125 0.20859375
0 0.14921875 0.1921875 0.03203125 0.178125
0 0.48515625 0.209375 0.02421875 0.13828125
0 0.58984375 0.965625 0.04375 0.06875
0 0.91875 0.30390625 0.03046875 0.1546875
0 0.178125 0.2140625 0.0328125 0.178125
0 0.12265625 0.18671875 0.0296875 0.15546875
0 0.8625 0.359375 0.03125 0.1734375
0 0.45703125 0.20078125 0.02109375 0.1390625
0 0.4234375 0.19609375 0.03046875 0.1265625