0 0.6640625 0.93359375 0.04609375 0.13203125
0 0.453125 0.88984375 0.053125 0.2203125
0 0.06015625 0.52109375 0.0390625 0.20078125
0 0.55078125 0.7859375 0.05390625 0.225
0 0.56015625 0.928125 0.04765625 0.14375
0 0.225 0.36875 0.04140625 0.178125
0 0.7078125 0.54453125 0.03515625 0.18984375
0 0.55234375 0.24921875 0.03515625 0.178125
0 0.33125 0.79296875 0.04375 0.1953125
0 0.43828125 0.38046875 0.0328125 0.18203125
0 0.95546875 0.58125 0.04296875 0.1984375
0 0.49296875 0.23203125 0.02421875 0.14140625
0 0.5953125 0.31640625 0.03359375 0.16953125
0 0.4 0.6609375 0.02734375 0.20078125
0 0.41484375 0.33828125 0.028125 0.18125
0 0.88359375 0.2609375 0.03046875 0.134375
0 0.8640625 0.171875 0.02890625 0.15703125
0 0.909375 0.3921875 0.03359375 0.16015625
0 0.15390625 0.19453125 0.03359375 0.16640625
0 0.46875 0.22578125 0.021875 0.14609375
0 0.73515625 0.665625 0.03046875 0.2046875
0 0.7296875 0.66875 0.05 0.21796875
0 0.9390625 0.33671875 0.03046875 0.16953125
0 0.87578125 0.3921875 0.03828125 0.1640625
0 0.1171875 0.19375 0.04140625 0.16328125
0 0.4328125 0.21328125 0.02265625 0.14375
0 0.54140625 0.06328125 0.0265625 0.121875