0 0.05234375 0.66015625 0.04140625 0.21953125
0 0.54765625 0.15078125 0.03359375 0.16953125
0 0.53671875 0.378125 0.03515625 0.178125
0 0.70859375 0.54375 0.03515625 0.190625
0 0.628125 0.85390625 0.0453125 0.23671875
0 0.18828125 0.3015625 0.03125 0.16484375
0 0.409375 0.69453125 0.0375 0.2015625
0 0.33203125 0.80390625 0.0390625 0.18984375
0 0.55390625 0.89296875 0.06015625 0.21328125
0 0.44921875 0.3671875 0.03046875 0.1765625
0 0.41328125 0.96484375 0.0421875 0.0703125
0 0.41796875 0.3390625 0.03203125 0.19296875
0 0.87421875 0.45 0.04296875 0.1984375
0 0.6203125 0.67265625 0.05234375 0.1890625
0 0.696875 0.95234375 0.046875 0.0953125
0 0.153125 0.25859375 0.0296875 0.1703125
0 0.2875 0.23046875 0.025 0.13671875
0 0.9640625 0.4859375 0.034375 0.16875
0 0.64296875 0.96796875 0.03984375 0.0640625
0 0.2265625 0.27421875 0.02734375 0.14921875
0 0.475 0.17578125 0.0234375 0.13359375
0 0.84296875 0.3171875 0.03203125 0.178125
0 0.23984375 0.240625 0.03203125 0.16953125
0 0.36875 0.34921875 0.028125 0.11875
0 0.79375 0.0921875 0.02890625 0.12109375