0 0.06015625 0.5703125 0.04140625 0.20546875
0 0.775 0.89609375 0.059375 0.2046875
0 0.21328125 0.34296875 0.0421875 0.1703125
0 0.64921875 0.9125 0.04765625 0.175
0 0.559375 0.20078125 0.03515625 0.1484375
0 0.70859375 0.54453125 0.0359375 0.19140625
0 0.44921875 0.371875 0.03359375 0.16796875
0 0.9296875 0.540625 0.0453125 0.21953125
0 0.55 0.8359375 0.05625 0.23828125
0 0.49140625 0.915625 0.06015625 0.16640625
0 0.33125 0.78828125 0.04296875 0.19921875
0 0.41875 0.3390625 0.03203125 0.19296875
0 0.40078125 0.665625 0.0296875 0.19921875
0 0.14921875 0.19296875 0.03203125 0.1796875
0 0.48671875 0.21328125 0.02421875 0.140625
0 0.5828125 0.96015625 0.04609375 0.0796875
0 0.23671875 0.21953125 0.03203125 0.15703125
0 0.17890625 0.19140625 0.0296875 0.20859375
0 0.56875 0.34609375 0.0328125 0.159375
0 0.12421875 0.1890625 0.02421875 0.14921875
0 0.92109375 0.30546875 0.0328125 0.16796875
0 0.86640625 0.3625 0.03515625 0.17109375
0 0.45859375 0.20546875 0.0234375 0.1453125