0 0.4765625 0.9046875 0.04375 0.190625
0 0.0625 0.5484375 0.03828125 0.20390625
0 0.56875 0.94453125 0.06015625 0.11015625
0 0.55078125 0.81328125 0.05546875 0.2265625
0 0.6640625 0.92421875 0.059375 0.15078125
0 0.55546875 0.228125 0.03359375 0.16875
0 0.70859375 0.54609375 0.03515625 0.19375
0 0.81328125 0.93515625 0.06484375 0.128125
0 0.584375 0.328125 0.03125 0.17109375
0 0.22109375 0.353125 0.03359375 0.16796875
0 0.3296875 0.79140625 0.04453125 0.19453125
0 0.94921875 0.55859375 0.04765625 0.23515625
0 0.39765625 0.659375 0.0328125 0.209375
0 0.44609375 0.378125 0.03671875 0.17890625
0 0.49140625 0.221875 0.02578125 0.14140625
0 0.41796875 0.33828125 0.03203125 0.1859375
0 0.46484375 0.21328125 0.025 0.14609375
0 0.8703125 0.37421875 0.034375 0.1703125
0 0.1484375 0.190625 0.03515625 0.171875
0 0.87109375 0.24765625 0.02890625 0.13359375
0 0.18125 0.19921875 0.03359375 0.17578125
0 0.9296875 0.31796875 0.03203125 0.15390625
0 0.73125 0.66640625 0.04765625 0.2234375
0 0.73359375 0.6640625 0.0328125 0.2109375
0 0.9015625 0.37734375 0.028125 0.15859375
0 0.8625 0.15625 0.02890625 0.1546875
0 0.753125 0.06953125 0.03203125 0.1390625
0 0.43125 0.20625 0.02109375 0.1390625