0 0.059375 0.6078125 0.04375 0.203125
0 0.64453125 0.89296875 0.05625 0.2109375
0 0.5578125 0.17109375 0.03359375 0.171875
0 0.70859375 0.54453125 0.03359375 0.18828125
0 0.4125 0.6796875 0.034375 0.2046875
0 0.5484375 0.36171875 0.034375 0.178125
0 0.553125 0.87421875 0.05625 0.240625
0 0.44921875 0.36953125 0.03203125 0.17109375
0 0.9 0.496875 0.04609375 0.20546875
0 0.41796875 0.33828125 0.03125 0.19453125
0 0.85390625 0.33828125 0.0328125 0.1734375
0 0.2015625 0.31953125 0.040625 0.165625
0 0.52890625 0.921875 0.040625 0.15546875
0 0.32890625 0.79609375 0.04765625 0.18125
0 0.9078125 0.27890625 0.02890625 0.1609375
0 0.98359375 0.50625 0.0328125 0.13515625
0 0.690625 0.77109375 0.053125 0.20078125
0 0.47734375 0.19453125 0.02734375 0.140625
0 0.70234375 0.9703125 0.0390625 0.059375
0 0.28359375 0.2125 0.028125 0.1453125
0 0.425 0.1953125 0.0328125 0.13515625
0 0.73046875 0.6703125 0.04609375 0.2265625
0 0.878125 0.340625 0.02578125 0.153125
0 0.73515625 0.6671875 0.0296875 0.2140625
0 0.1828125 0.16328125 0.02421875 0.146875
0 0.690625 0.73359375 0.05078125 0.121875
0 0.4515625 0.18671875 0.0234375 0.14296875