0 0.06015625 0.565625 0.040625 0.203125
0 0.559375 0.203125 0.0359375 0.1515625
0 0.78125 0.90234375 0.06015625 0.1953125
0 0.65078125 0.9140625 0.04765625 0.171875
0 0.70859375 0.5453125 0.03671875 0.19296875
0 0.21328125 0.34453125 0.04140625 0.17578125
0 0.4484375 0.3734375 0.03359375 0.1703125
0 0.55 0.83515625 0.0578125 0.24296875
0 0.33046875 0.78828125 0.0453125 0.19921875
0 0.48828125 0.91484375 0.05703125 0.1703125
0 0.56953125 0.3375 0.03359375 0.175
0 0.93125 0.54921875 0.04609375 0.22421875
0 0.41796875 0.33828125 0.03203125 0.1890625
0 0.40078125 0.66171875 0.02890625 0.19609375
0 0.58046875 0.95546875 0.04609375 0.0890625
0 0.14921875 0.1953125 0.03203125 0.17421875
0 0.4875 0.2140625 0.02421875 0.140625
0 0.2375 0.21796875 0.03046875 0.16484375
0 0.178125 0.19453125 0.02890625 0.203125
0 0.9234375 0.30546875 0.0328125 0.16796875
0 0.86640625 0.365625 0.0328125 0.16953125
0 0.4609375 0.20625 0.02421875 0.14453125
0 0.89375 0.359375 0.03359375 0.16875
0 0.125 0.18984375 0.02265625 0.14921875