0 0.0625 0.60078125 0.03828125 0.20078125
0 0.6421875 0.89609375 0.0546875 0.20078125
0 0.559375 0.178125 0.03515625 0.16171875
0 0.70859375 0.54453125 0.03515625 0.18671875
0 0.44921875 0.37109375 0.03046875 0.16875
0 0.85625 0.346875 0.034375 0.17578125
0 0.41875 0.33984375 0.03125 0.19140625
0 0.55234375 0.353125 0.034375 0.18359375
0 0.525 0.92265625 0.05390625 0.1546875
0 0.41015625 0.67734375 0.03671875 0.20390625
0 0.55390625 0.86640625 0.05859375 0.23828125
0 0.70546875 0.80390625 0.05859375 0.2203125
0 0.20546875 0.321875 0.0359375 0.16171875
0 0.9078125 0.5015625 0.04296875 0.2
0 0.90859375 0.2875 0.03046875 0.1703125
0 0.4515625 0.18828125 0.02578125 0.14375
0 0.33046875 0.79296875 0.04453125 0.18046875
0 0.42265625 0.19765625 0.03203125 0.14140625
0 0.48046875 0.196875 0.025 0.13125
0 0.72890625 0.66953125 0.05078125 0.2234375
0 0.88359375 0.32578125 0.03046875 0.2109375
0 0.73515625 0.665625 0.03046875 0.2109375
0 0.28046875 0.209375 0.0234375 0.146875