0 0.05234375 0.6484375 0.03984375 0.21328125
0 0.5484375 0.15625 0.03203125 0.16953125
0 0.53828125 0.37890625 0.034375 0.18046875
0 0.63046875 0.86640625 0.04453125 0.215625
0 0.70859375 0.54609375 0.03515625 0.19375
0 0.190625 0.30546875 0.03203125 0.16484375
0 0.4140625 0.6921875 0.03828125 0.20859375
0 0.44921875 0.36640625 0.03046875 0.178125
0 0.33203125 0.803125 0.03828125 0.190625
0 0.878125 0.45859375 0.04453125 0.196875
0 0.9671875 0.4875 0.03359375 0.16328125
0 0.4171875 0.33984375 0.03203125 0.19375
0 0.55390625 0.88828125 0.059375 0.21328125
0 0.6984375 0.95546875 0.0484375 0.0890625
0 0.63046875 0.6890625 0.05078125 0.19296875
0 0.64609375 0.971875 0.040625 0.05625
0 0.47421875 0.1796875 0.0234375 0.13671875
0 0.28671875 0.228125 0.025 0.14140625
0 0.77578125 0.96796875 0.0453125 0.0640625
0 0.79453125 0.09609375 0.0265625 0.11328125
0 0.84375 0.31640625 0.03203125 0.17109375
0 0.40859375 0.97265625 0.0390625 0.0546875
0 0.2296875 0.2640625 0.02890625 0.16171875
0 0.36875 0.35 0.02734375 0.11953125
0 0.7515625 0.084375 0.0265625 0.1234375
0 0.2375 0.246875 0.03984375 0.18828125
0 0.909375 0.44765625 0.03359375 0.184375