0 0.66875 0.93984375 0.046875 0.1203125
0 0.45234375 0.88671875 0.0546875 0.2265625
0 0.0609375 0.521875 0.0375 0.209375
0 0.7078125 0.54453125 0.034375 0.18671875
0 0.55234375 0.253125 0.03515625 0.18046875
0 0.22109375 0.37578125 0.03984375 0.17421875
0 0.55 0.77890625 0.04765625 0.21953125
0 0.49453125 0.2390625 0.025 0.13671875
0 0.33125 0.790625 0.04296875 0.19375
0 0.60078125 0.3140625 0.03203125 0.1703125
0 0.9125 0.3984375 0.03125 0.15703125
0 0.4 0.6640625 0.0296875 0.1984375
0 0.88203125 0.39140625 0.03515625 0.175
0 0.4359375 0.38046875 0.0328125 0.18046875
0 0.95703125 0.58671875 0.0453125 0.190625
0 0.46953125 0.23125 0.02265625 0.15
0 0.2109375 0.22109375 0.03125 0.15703125
0 0.41640625 0.33203125 0.03125 0.18359375
0 0.15625 0.18671875 0.03359375 0.18125
0 0.890625 0.26328125 0.0265625 0.125
0 0.86484375 0.17578125 0.02890625 0.16015625
0 0.728125 0.66484375 0.04921875 0.21484375
0 0.55546875 0.92734375 0.04921875 0.1453125
0 0.184375 0.196875 0.03203125 0.16484375
0 0.73515625 0.66328125 0.03125 0.20390625
0 0.94453125 0.33828125 0.03125 0.16015625
0 0.434375 0.21796875 0.02578125 0.14921875
0 0.540625 0.06640625 0.02890625 0.13125