0 0.6734375 0.93984375 0.046875 0.1203125
0 0.45 0.88203125 0.0515625 0.23515625
0 0.0609375 0.5109375 0.03984375 0.19140625
0 0.2203125 0.37734375 0.03984375 0.175
0 0.553125 0.25703125 0.03671875 0.18359375
0 0.7078125 0.54453125 0.0359375 0.1890625
0 0.5515625 0.91953125 0.053125 0.1609375
0 0.4953125 0.24140625 0.025 0.13828125
0 0.55078125 0.77421875 0.04609375 0.21640625
0 0.33203125 0.7890625 0.04140625 0.19140625
0 0.43359375 0.38359375 0.0359375 0.18359375
0 0.4 0.665625 0.03203125 0.196875
0 0.9578125 0.5921875 0.04453125 0.1796875
0 0.60234375 0.315625 0.03203125 0.16796875
0 0.86640625 0.18046875 0.0296875 0.15546875
0 0.88359375 0.39296875 0.03515625 0.1796875
0 0.91484375 0.403125 0.03203125 0.15703125
0 0.15625 0.178125 0.03515625 0.1984375
0 0.47109375 0.2359375 0.02265625 0.14375
0 0.946875 0.3390625 0.03203125 0.1640625
0 0.7296875 0.66953125 0.0484375 0.22578125
0 0.4359375 0.2171875 0.02734375 0.15546875
0 0.73515625 0.66796875 0.0296875 0.21015625
0 0.41484375 0.3234375 0.02890625 0.16328125
0 0.540625 0.06796875 0.0296875 0.13515625