0 0.6796875 0.94453125 0.0484375 0.11015625
0 0.4515625 0.865625 0.04765625 0.228125
0 0.7078125 0.5453125 0.0359375 0.19296875
0 0.546875 0.9125 0.05625 0.175
0 0.55234375 0.26796875 0.03515625 0.17578125
0 0.88671875 0.40546875 0.040625 0.184375
0 0.60859375 0.30859375 0.03125 0.171875
0 0.55078125 0.759375 0.04921875 0.2109375
0 0.2234375 0.378125 0.0375 0.171875
0 0.43359375 0.3875 0.0359375 0.18515625
0 0.33125 0.7890625 0.04296875 0.18984375
0 0.0609375 0.51015625 0.03515625 0.16484375
0 0.39921875 0.665625 0.03828125 0.19296875
0 0.49765625 0.24296875 0.02421875 0.140625
0 0.86796875 0.184375 0.0296875 0.1609375
0 0.91640625 0.40546875 0.02734375 0.159375
0 0.95 0.353125 0.0359375 0.1734375
0 0.47265625 0.24375 0.02578125 0.13828125
0 0.9625 0.5984375 0.0421875 0.18671875
0 0.9 0.27578125 0.0328125 0.13671875
0 0.540625 0.06875 0.02734375 0.134375
0 0.7359375 0.67421875 0.02734375 0.21796875
0 0.73046875 0.67109375 0.05 0.2265625
0 0.48203125 0.06953125 0.02265625 0.1390625
0 0.21328125 0.23125 0.03359375 0.16953125
0 0.41484375 0.32265625 0.02890625 0.15859375
0 0.5125 0.0625 0.02734375 0.125