0 0.68046875 0.94453125 0.04921875 0.11015625
0 0.8859375 0.4046875 0.03984375 0.1859375
0 0.4515625 0.86328125 0.04765625 0.22890625
0 0.55078125 0.26875 0.0359375 0.17578125
0 0.7078125 0.54375 0.03515625 0.1890625
0 0.55078125 0.759375 0.04921875 0.2140625
0 0.2234375 0.378125 0.03671875 0.171875
0 0.61015625 0.30703125 0.03125 0.1703125
0 0.54765625 0.915625 0.0546875 0.16875
0 0.33125 0.7890625 0.04296875 0.1890625
0 0.4984375 0.24375 0.02265625 0.13984375
0 0.43359375 0.38828125 0.034375 0.18515625
0 0.91796875 0.40546875 0.028125 0.1609375
0 0.39921875 0.66171875 0.0375 0.18671875
0 0.95 0.35390625 0.03671875 0.171875
0 0.86796875 0.184375 0.0296875 0.16171875
0 0.47265625 0.24296875 0.02734375 0.13828125
0 0.06171875 0.51015625 0.03359375 0.16171875
0 0.21328125 0.23203125 0.03203125 0.165625
0 0.9015625 0.27734375 0.0296875 0.14140625
0 0.9625 0.59609375 0.04140625 0.1796875
0 0.540625 0.06796875 0.02734375 0.13203125
0 0.159375 0.1796875 0.03828125 0.19296875
0 0.7296875 0.6703125 0.05078125 0.22890625
0 0.41484375 0.3234375 0.02734375 0.15703125
0 0.4390625 0.22109375 0.034375 0.16015625
0 0.48203125 0.06953125 0.021875 0.1390625
0 0.51171875 0.06171875 0.0265625 0.1234375
0 0.73515625 0.66796875 0.02890625 0.21484375