0 0.5671875 0.9375 0.05703125 0.125
0 0.66484375 0.9265625 0.05625 0.14609375
0 0.4703125 0.9015625 0.04375 0.19609375
0 0.5484375 0.80859375 0.05625 0.23203125
0 0.0609375 0.5359375 0.03671875 0.1984375
0 0.55390625 0.23125 0.0359375 0.17421875
0 0.70859375 0.54453125 0.03515625 0.1890625
0 0.5875 0.328125 0.03203125 0.171875
0 0.221875 0.35703125 0.03203125 0.16640625
0 0.33046875 0.79140625 0.04453125 0.19921875
0 0.95078125 0.56796875 0.04921875 0.23046875
0 0.8265625 0.94765625 0.0640625 0.1046875
0 0.39765625 0.65859375 0.03203125 0.21328125
0 0.871875 0.37734375 0.03359375 0.1703125
0 0.4921875 0.2265625 0.02421875 0.1390625
0 0.4171875 0.3390625 0.03125 0.18671875
0 0.44375 0.378125 0.034375 0.18203125
0 0.8625 0.1625 0.02734375 0.1515625
0 0.14765625 0.1921875 0.03671875 0.171875
0 0.1828125 0.19609375 0.03671875 0.17421875
0 0.46640625 0.21875 0.02265625 0.15390625
0 0.90546875 0.3828125 0.0359375 0.165625
0 0.73515625 0.66484375 0.03046875 0.2109375
0 0.73046875 0.66875 0.04765625 0.2265625
0 0.93125 0.31796875 0.0328125 0.16171875
0 0.875 0.2484375 0.02734375 0.11953125
0 0.43203125 0.2140625 0.02421875 0.1515625