0 0.06171875 0.54921875 0.03828125 0.20078125
0 0.4828125 0.90625 0.04375 0.18671875
0 0.70859375 0.5453125 0.03515625 0.190625
0 0.5578125 0.21875 0.03515625 0.17421875
0 0.66015625 0.9203125 0.0546875 0.159375
0 0.21640625 0.34921875 0.0328125 0.16796875
0 0.57265625 0.94921875 0.05859375 0.10078125
0 0.55 0.81328125 0.05390625 0.22109375
0 0.57578125 0.3328125 0.03671875 0.1765625
0 0.33046875 0.79140625 0.04375 0.1984375
0 0.80234375 0.9203125 0.0578125 0.159375
0 0.41796875 0.3390625 0.03203125 0.18984375
0 0.39765625 0.66171875 0.03359375 0.2109375
0 0.8703125 0.3765625 0.0359375 0.17890625
0 0.44609375 0.371875 0.03515625 0.18828125
0 0.93828125 0.55625 0.0515625 0.21796875
0 0.490625 0.21796875 0.02578125 0.140625
0 0.1484375 0.1890625 0.03515625 0.1734375
0 0.1796875 0.19453125 0.03046875 0.18828125
0 0.4640625 0.21015625 0.02578125 0.140625
0 0.89921875 0.371875 0.0328125 0.16640625
0 0.43125 0.203125 0.02421875 0.13515625
0 0.73515625 0.6625 0.02890625 0.20703125
0 0.73046875 0.6640625 0.04453125 0.21484375
0 0.2375 0.2171875 0.02890625 0.15078125