0 0.06171875 0.55390625 0.03984375 0.196875
0 0.65546875 0.915625 0.05234375 0.16875
0 0.55859375 0.2109375 0.03671875 0.165625
0 0.70859375 0.54609375 0.03515625 0.19375
0 0.21484375 0.3484375 0.0375 0.1703125
0 0.48671875 0.91171875 0.04921875 0.1765625
0 0.4484375 0.37734375 0.03359375 0.1765625
0 0.33125 0.79140625 0.04296875 0.20078125
0 0.7890625 0.91015625 0.059375 0.1796875
0 0.54921875 0.82109375 0.06015625 0.221875
0 0.57421875 0.3375 0.03671875 0.1765625
0 0.39921875 0.66171875 0.03046875 0.203125
0 0.5765625 0.9515625 0.0515625 0.09609375
0 0.41875 0.3390625 0.03203125 0.190625
0 0.93515625 0.5515625 0.05 0.21953125
0 0.1484375 0.1953125 0.03359375 0.16796875
0 0.4890625 0.21640625 0.02421875 0.13828125
0 0.17890625 0.190625 0.02890625 0.1984375
0 0.4625 0.20859375 0.02421875 0.14453125
0 0.925 0.309375 0.0328125 0.16953125
0 0.12421875 0.19140625 0.02265625 0.1515625
0 0.86875 0.36953125 0.034375 0.178125
0 0.23671875 0.2125 0.03203125 0.171875