0 0.06171875 0.5890625 0.03828125 0.19921875
0 0.6390625 0.9015625 0.04921875 0.19609375
0 0.7296875 0.83125 0.05546875 0.2046875
0 0.5578125 0.1875 0.03359375 0.16015625
0 0.70859375 0.5453125 0.03515625 0.18671875
0 0.55234375 0.846875 0.05703125 0.23046875
0 0.9171875 0.515625 0.046875 0.21171875
0 0.45 0.37109375 0.03125 0.16875
0 0.51328125 0.921875 0.03671875 0.15546875
0 0.559375 0.35625 0.03125 0.16171875
0 0.91171875 0.2890625 0.03125 0.15859375
0 0.409375 0.6734375 0.04296875 0.20625
0 0.41796875 0.3390625 0.03125 0.19140625
0 0.21015625 0.33046875 0.03515625 0.16640625
0 0.85859375 0.34765625 0.03359375 0.175
0 0.33046875 0.78671875 0.04140625 0.190625
0 0.421875 0.19921875 0.03359375 0.14609375
0 0.48359375 0.2015625 0.02265625 0.1359375
0 0.88515625 0.3453125 0.028125 0.1640625
0 0.72890625 0.66875 0.05078125 0.221875
0 0.45390625 0.18828125 0.02109375 0.13203125
0 0.14765625 0.1828125 0.03359375 0.19140625
0 0.73515625 0.66328125 0.0296875 0.19609375
0 0.9421875 0.303125 0.02734375 0.16015625
0 0.94375 0.5015625 0.0296875 0.196875