0 0.0578125 0.615625 0.0453125 0.209375
0 0.64375 0.89140625 0.05234375 0.21328125
0 0.55703125 0.17109375 0.03359375 0.171875
0 0.70859375 0.54453125 0.034375 0.1890625
0 0.41328125 0.68203125 0.0359375 0.20859375
0 0.19765625 0.31640625 0.03515625 0.16015625
0 0.44921875 0.36953125 0.03203125 0.17109375
0 0.54765625 0.36328125 0.03359375 0.17578125
0 0.41796875 0.33828125 0.03125 0.19375
0 0.896875 0.4859375 0.04609375 0.19375
0 0.6828125 0.7671875 0.05859375 0.20625
0 0.55390625 0.871875 0.05546875 0.23203125
0 0.3296875 0.7984375 0.04609375 0.18515625
0 0.853125 0.334375 0.03359375 0.1703125
0 0.53203125 0.9234375 0.04140625 0.1515625
0 0.98359375 0.49921875 0.03203125 0.13203125
0 0.284375 0.21640625 0.02890625 0.140625
0 0.90625 0.275 0.0296875 0.159375
0 0.73046875 0.67109375 0.0484375 0.2296875
0 0.7359375 0.66953125 0.03046875 0.21875
0 0.1828125 0.16171875 0.02421875 0.14140625
0 0.42578125 0.19609375 0.0296875 0.13359375