0 0.0515625 0.6640625 0.040625 0.22421875
0 0.53359375 0.384375 0.03359375 0.1796875
0 0.54453125 0.14609375 0.03203125 0.16875
0 0.709375 0.54453125 0.03671875 0.19375
0 0.628125 0.86015625 0.0484375 0.21953125
0 0.1875 0.2984375 0.03046875 0.16171875
0 0.44921875 0.36640625 0.03046875 0.17890625
0 0.5546875 0.8953125 0.059375 0.209375
0 0.33203125 0.80390625 0.03828125 0.1890625
0 0.40625 0.70078125 0.03828125 0.20703125
0 0.41796875 0.9640625 0.04140625 0.071875
0 0.69609375 0.9515625 0.0515625 0.096875
0 0.41796875 0.33828125 0.03203125 0.19453125
0 0.15078125 0.26171875 0.02890625 0.16875
0 0.228125 0.2734375 0.02890625 0.17109375
0 0.61328125 0.65625 0.05078125 0.18046875
0 0.86953125 0.4484375 0.03984375 0.19609375
0 0.23984375 0.2515625 0.03203125 0.18828125
0 0.96015625 0.48515625 0.0359375 0.16796875
0 0.2875 0.23359375 0.02578125 0.13203125
0 0.640625 0.965625 0.04375 0.06875
0 0.36796875 0.34921875 0.02890625 0.11953125
0 0.7921875 0.09296875 0.02734375 0.11875
0 0.47421875 0.17421875 0.02265625 0.13203125
0 0.953125 0.26953125 0.03203125 0.14921875
0 0.84140625 0.31328125 0.03203125 0.17578125
0 0.75234375 0.0828125 0.02421875 0.12578125