0 0.0609375 0.60546875 0.0421875 0.20078125
0 0.64453125 0.89453125 0.05546875 0.20859375
0 0.5578125 0.171875 0.034375 0.171875
0 0.70859375 0.54375 0.03515625 0.18671875
0 0.44921875 0.3703125 0.03046875 0.1703125
0 0.41171875 0.6796875 0.034375 0.20546875
0 0.553125 0.87109375 0.05625 0.23828125
0 0.90078125 0.50078125 0.04453125 0.2046875
0 0.54921875 0.3609375 0.03515625 0.1765625
0 0.41796875 0.33828125 0.03203125 0.19375
0 0.20234375 0.31796875 0.03828125 0.16015625
0 0.5265625 0.921875 0.04453125 0.1546875
0 0.6921875 0.77421875 0.05546875 0.19609375
0 0.85390625 0.3390625 0.03359375 0.17578125
0 0.98359375 0.509375 0.03203125 0.128125
0 0.3296875 0.79609375 0.04765625 0.18203125
0 0.9078125 0.2796875 0.03046875 0.159375
0 0.73515625 0.6671875 0.03203125 0.21796875
0 0.7296875 0.66796875 0.04765625 0.2234375
0 0.28203125 0.215625 0.02578125 0.13828125
0 0.47734375 0.19375 0.02734375 0.13984375
0 0.1828125 0.16328125 0.02421875 0.1453125
0 0.703125 0.97109375 0.03828125 0.05703125
0 0.4515625 0.18671875 0.02421875 0.14453125
0 0.24140625 0.215625 0.02578125 0.15