0 0.6625 0.9328125 0.046875 0.134375
0 0.56015625 0.928125 0.0484375 0.14375
0 0.45390625 0.890625 0.0515625 0.21875
0 0.06015625 0.5203125 0.03984375 0.2
0 0.55 0.78671875 0.05390625 0.221875
0 0.55234375 0.24765625 0.03671875 0.1796875
0 0.70859375 0.54453125 0.03515625 0.18828125
0 0.225 0.36796875 0.0390625 0.1765625
0 0.33125 0.79296875 0.04296875 0.19375
0 0.9546875 0.57890625 0.04296875 0.1984375
0 0.43828125 0.3796875 0.0328125 0.18359375
0 0.5953125 0.31796875 0.034375 0.16875
0 0.415625 0.3390625 0.028125 0.18359375
0 0.49375 0.23046875 0.02421875 0.13984375
0 0.4 0.66015625 0.02734375 0.2015625
0 0.88359375 0.26015625 0.02890625 0.134375
0 0.86328125 0.17109375 0.02890625 0.15859375
0 0.46875 0.22578125 0.02109375 0.146875
0 0.1515625 0.18984375 0.03359375 0.175
0 0.7578125 0.08359375 0.03046875 0.15625
0 0.83984375 0.97265625 0.0484375 0.0546875
0 0.9375 0.3359375 0.03203125 0.16875
0 0.1875 0.1953125 0.0296875 0.1640625
0 0.7359375 0.66640625 0.02890625 0.20625
0 0.7296875 0.66953125 0.05078125 0.22109375
0 0.43359375 0.21640625 0.02578125 0.153125
0 0.11640625 0.19375 0.0390625 0.16328125
0 0.875 0.39453125 0.03828125 0.16328125