0 0.0609375 0.58828125 0.0375 0.19921875
0 0.6390625 0.9015625 0.0484375 0.19609375
0 0.5578125 0.1890625 0.03359375 0.1640625
0 0.70859375 0.54453125 0.03515625 0.18828125
0 0.55234375 0.8453125 0.05859375 0.2296875
0 0.5125 0.921875 0.0375 0.15625
0 0.7328125 0.8296875 0.05703125 0.19921875
0 0.91796875 0.51640625 0.04609375 0.209375
0 0.45 0.37109375 0.03125 0.16640625
0 0.209375 0.33046875 0.0328125 0.16640625
0 0.56015625 0.35234375 0.03203125 0.171875
0 0.9125 0.2890625 0.03046875 0.15625
0 0.409375 0.67421875 0.04296875 0.209375
0 0.41875 0.3390625 0.03125 0.190625
0 0.3296875 0.78671875 0.04375 0.19296875
0 0.859375 0.3484375 0.03515625 0.17421875
0 0.421875 0.1984375 0.03203125 0.14140625
0 0.48359375 0.203125 0.02265625 0.13828125
0 0.7296875 0.66328125 0.05078125 0.20859375
0 0.45390625 0.19375 0.0203125 0.13828125
0 0.14765625 0.18203125 0.0328125 0.19296875
0 0.7359375 0.65390625 0.02890625 0.17578125