0 0.66953125 0.93984375 0.0484375 0.1203125
0 0.06171875 0.51875 0.03828125 0.20390625
0 0.45078125 0.884375 0.05390625 0.23046875
0 0.7078125 0.54453125 0.03515625 0.18671875
0 0.22109375 0.378125 0.0421875 0.17578125
0 0.553125 0.2546875 0.03515625 0.18359375
0 0.55 0.77734375 0.046875 0.21953125
0 0.49453125 0.2390625 0.025 0.1359375
0 0.33125 0.790625 0.0421875 0.19296875
0 0.4 0.665625 0.03046875 0.20078125
0 0.9578125 0.59140625 0.04609375 0.1890625
0 0.6015625 0.31328125 0.03203125 0.1703125
0 0.43515625 0.38203125 0.03359375 0.1859375
0 0.8828125 0.3921875 0.034375 0.17890625
0 0.55390625 0.925 0.0484375 0.15
0 0.9125 0.4015625 0.03046875 0.15390625
0 0.47109375 0.23203125 0.02265625 0.1484375
0 0.15625 0.1890625 0.03359375 0.178125
0 0.865625 0.178125 0.02890625 0.15703125
0 0.184375 0.196875 0.03203125 0.16640625
0 0.41640625 0.3328125 0.0296875 0.18046875
0 0.89140625 0.265625 0.02734375 0.1296875
0 0.43515625 0.2171875 0.02734375 0.153125
0 0.9453125 0.3390625 0.03125 0.16328125
0 0.728125 0.66640625 0.0484375 0.21875
0 0.21015625 0.21484375 0.03046875 0.16640625
0 0.540625 0.06640625 0.028125 0.13125
0 0.73515625 0.665625 0.02890625 0.20859375