0 0.68203125 0.94609375 0.05 0.10703125
0 0.4515625 0.86328125 0.04765625 0.23125
0 0.8859375 0.4046875 0.03984375 0.18515625
0 0.7078125 0.54375 0.0359375 0.1890625
0 0.61015625 0.30625 0.03046875 0.16875
0 0.55078125 0.759375 0.04921875 0.215625
0 0.54609375 0.9125 0.05625 0.175
0 0.55078125 0.26953125 0.0359375 0.1796875
0 0.4984375 0.24453125 0.0234375 0.1390625
0 0.22421875 0.38125 0.0375 0.175
0 0.43359375 0.38828125 0.0359375 0.18515625
0 0.33125 0.78984375 0.04375 0.19140625
0 0.06171875 0.5 0.03359375 0.184375
0 0.39921875 0.665625 0.0390625 0.19140625
0 0.91796875 0.40625 0.02734375 0.16171875
0 0.86875 0.184375 0.03046875 0.1609375
0 0.94921875 0.35390625 0.03515625 0.16953125
0 0.47265625 0.24453125 0.02578125 0.1390625
0 0.21328125 0.22890625 0.03359375 0.1609375
0 0.16015625 0.178125 0.03828125 0.19609375
0 0.540625 0.06796875 0.028125 0.134375
0 0.90234375 0.27421875 0.03046875 0.13203125
0 0.9625 0.596875 0.0421875 0.18125
0 0.053125 0.48671875 0.05625 0.21171875
0 0.73046875 0.66953125 0.05 0.2296875
0 0.51171875 0.06171875 0.0265625 0.1234375
0 0.73515625 0.66484375 0.028125 0.21328125
0 0.41484375 0.3234375 0.028125 0.16171875
0 0.4390625 0.21953125 0.03515625 0.15546875