0 0.675 0.940625 0.04921875 0.11875
0 0.44921875 0.8734375 0.05 0.228125
0 0.553125 0.26015625 0.03984375 0.1796875
0 0.221875 0.378125 0.04140625 0.178125
0 0.7078125 0.54609375 0.0375 0.19375
0 0.55078125 0.7703125 0.04609375 0.21640625
0 0.496875 0.24296875 0.0234375 0.1390625
0 0.0609375 0.50234375 0.03984375 0.18125
0 0.86640625 0.18359375 0.0296875 0.15859375
0 0.33125 0.78984375 0.0421875 0.19140625
0 0.4328125 0.38515625 0.0375 0.18203125
0 0.88515625 0.39921875 0.0390625 0.18203125
0 0.4 0.66640625 0.0328125 0.196875
0 0.60390625 0.3140625 0.03203125 0.16875
0 0.91484375 0.40546875 0.03203125 0.159375
0 0.96015625 0.596875 0.04296875 0.18359375
0 0.55 0.92265625 0.053125 0.1546875
0 0.4375 0.21796875 0.02890625 0.15625
0 0.4734375 0.23984375 0.02265625 0.13515625
0 0.94765625 0.346875 0.03359375 0.16640625
0 0.72890625 0.6703125 0.04921875 0.22890625
0 0.89453125 0.2625 0.02734375 0.121875
0 0.41484375 0.321875 0.02890625 0.16015625
0 0.540625 0.06796875 0.028125 0.13515625
0 0.73671875 0.6765625 0.02734375 0.215625
0 0.15859375 0.17890625 0.0390625 0.19921875