0 0.6625 0.93125 0.0484375 0.13515625
0 0.55234375 0.24375 0.03671875 0.1765625
0 0.5484375 0.79140625 0.05546875 0.225
0 0.5640625 0.928125 0.053125 0.14375
0 0.45859375 0.89453125 0.05078125 0.2109375
0 0.0609375 0.52109375 0.03984375 0.196875
0 0.2234375 0.36015625 0.03359375 0.16953125
0 0.7078125 0.54453125 0.03359375 0.18828125
0 0.59296875 0.32421875 0.03359375 0.175
0 0.33046875 0.79296875 0.04375 0.196875
0 0.953125 0.58125 0.04296875 0.20078125
0 0.4171875 0.3375 0.03203125 0.19140625
0 0.39921875 0.6609375 0.02734375 0.20625
0 0.49296875 0.2296875 0.025 0.14296875
0 0.43984375 0.3828125 0.0359375 0.178125
0 0.8359375 0.96328125 0.05625 0.0734375
0 0.46796875 0.2328125 0.02109375 0.13203125
0 0.14921875 0.1921875 0.03359375 0.16953125
0 0.86328125 0.17109375 0.02890625 0.15703125
0 0.18671875 0.19453125 0.03046875 0.16328125
0 0.90703125 0.38984375 0.0328125 0.165625
0 0.93515625 0.3296875 0.034375 0.1734375
0 0.43359375 0.2140625 0.02578125 0.15
0 0.88125 0.25390625 0.02890625 0.13203125
0 0.73515625 0.66328125 0.03125 0.2046875
0 0.8734375 0.38828125 0.0359375 0.17421875
0 0.2125 0.20703125 0.02578125 0.13828125
0 0.73046875 0.66640625 0.04921875 0.21875
0 0.53984375 0.06328125 0.02578125 0.121875
0 0.11796875 0.19375 0.0359375 0.16484375