0 0.67578125 0.9421875 0.04921875 0.115625
0 0.553125 0.2609375 0.03828125 0.17890625
0 0.45 0.86953125 0.04921875 0.22890625
0 0.22265625 0.37890625 0.04140625 0.17578125
0 0.5515625 0.76875 0.04921875 0.215625
0 0.7078125 0.54609375 0.0359375 0.19140625
0 0.86640625 0.1828125 0.0296875 0.15859375
0 0.33125 0.790625 0.04296875 0.190625
0 0.4328125 0.384375 0.03671875 0.18828125
0 0.6046875 0.31171875 0.03203125 0.175
0 0.8859375 0.403125 0.0390625 0.1765625
0 0.49765625 0.24375 0.0234375 0.13984375
0 0.39921875 0.66875 0.034375 0.2015625
0 0.91484375 0.40546875 0.03046875 0.16015625
0 0.55 0.93046875 0.05546875 0.1390625
0 0.9609375 0.596875 0.04296875 0.18203125
0 0.89609375 0.26171875 0.02890625 0.11640625
0 0.94765625 0.35 0.03515625 0.16953125
0 0.15859375 0.178125 0.0390625 0.20078125
0 0.47421875 0.24140625 0.02265625 0.13984375
0 0.06015625 0.50859375 0.0375 0.171875
0 0.4375 0.21640625 0.02890625 0.15546875
0 0.7296875 0.66953125 0.04921875 0.2296875
0 0.41484375 0.3234375 0.02890625 0.1609375
0 0.21171875 0.2234375 0.03046875 0.14921875
0 0.540625 0.06875 0.028125 0.134375
0 0.73671875 0.67421875 0.02734375 0.215625