0 0.06171875 0.6015625 0.03828125 0.20078125
0 0.55859375 0.1765625 0.03515625 0.16171875
0 0.6421875 0.8953125 0.05390625 0.2015625
0 0.70859375 0.54453125 0.03515625 0.18671875
0 0.44921875 0.3703125 0.03046875 0.16953125
0 0.85625 0.34609375 0.03515625 0.17421875
0 0.409375 0.67578125 0.03671875 0.19921875
0 0.553125 0.86875 0.05625 0.23671875
0 0.52578125 0.921875 0.0484375 0.153125
0 0.41796875 0.3390625 0.03125 0.19296875
0 0.5515625 0.35625 0.034375 0.18203125
0 0.90546875 0.5015625 0.0484375 0.2015625
0 0.20546875 0.31953125 0.03671875 0.1609375
0 0.90859375 0.2859375 0.03046875 0.16796875
0 0.7015625 0.78671875 0.05546875 0.19609375
0 0.4515625 0.18671875 0.025 0.14453125
0 0.3328125 0.79296875 0.03828125 0.18203125
0 0.4796875 0.19609375 0.02734375 0.1359375
0 0.72890625 0.66796875 0.04921875 0.22109375
0 0.8828125 0.34453125 0.02890625 0.1609375
0 0.28046875 0.20703125 0.02421875 0.1484375
0 0.734375 0.665625 0.03125 0.21328125
0 0.4234375 0.1984375 0.03203125 0.14296875