0 0.0609375 0.603125 0.03984375 0.19921875
0 0.64453125 0.89375 0.05625 0.20390625
0 0.55859375 0.1734375 0.03515625 0.171875
0 0.70859375 0.54453125 0.03515625 0.18671875
0 0.5515625 0.871875 0.06015625 0.24296875
0 0.4109375 0.67890625 0.034375 0.20546875
0 0.44921875 0.3703125 0.03125 0.16953125
0 0.6953125 0.77890625 0.05625 0.19375
0 0.41796875 0.33828125 0.03203125 0.19453125
0 0.90234375 0.50078125 0.04765625 0.20390625
0 0.55 0.36328125 0.03359375 0.1734375
0 0.85546875 0.34140625 0.03359375 0.17421875
0 0.5265625 0.92265625 0.04296875 0.15390625
0 0.2015625 0.3171875 0.034375 0.15859375
0 0.728125 0.665625 0.04921875 0.21640625
0 0.90859375 0.28125 0.03046875 0.159375
0 0.3296875 0.7953125 0.04609375 0.18203125
0 0.98359375 0.51328125 0.03203125 0.13515625
0 0.478125 0.19453125 0.02734375 0.140625
0 0.73359375 0.6640625 0.0328125 0.20859375
0 0.28203125 0.2109375 0.02578125 0.146875
0 0.7046875 0.971875 0.03515625 0.05625
0 0.88203125 0.34140625 0.0296875 0.15625