0 0.0625 0.54921875 0.0375 0.20625
0 0.56875 0.94296875 0.06015625 0.11328125
0 0.55078125 0.81171875 0.05546875 0.22890625
0 0.66328125 0.925 0.0578125 0.15
0 0.5546875 0.22890625 0.03515625 0.16953125
0 0.70859375 0.546875 0.03515625 0.19296875
0 0.47578125 0.9046875 0.04453125 0.190625
0 0.2203125 0.3546875 0.03046875 0.1609375
0 0.81875 0.93828125 0.06328125 0.1234375
0 0.58515625 0.328125 0.03125 0.17109375
0 0.33046875 0.79296875 0.04296875 0.19921875
0 0.9484375 0.5625 0.05078125 0.234375
0 0.396875 0.6578125 0.0328125 0.20703125
0 0.1484375 0.18984375 0.03515625 0.1765625
0 0.4921875 0.2234375 0.02421875 0.14140625
0 0.44609375 0.3765625 0.0359375 0.18046875
0 0.871875 0.25078125 0.0296875 0.13203125
0 0.41796875 0.33828125 0.03125 0.18671875
0 0.46484375 0.21328125 0.02421875 0.14609375
0 0.18125 0.19453125 0.03359375 0.18671875
0 0.87109375 0.37421875 0.03671875 0.1734375
0 0.86328125 0.1578125 0.02890625 0.1546875
0 0.9296875 0.32109375 0.03203125 0.16796875
0 0.73515625 0.665625 0.03046875 0.209375
0 0.73125 0.66875 0.0484375 0.2203125
0 0.43203125 0.20703125 0.02109375 0.140625
0 0.90234375 0.38125 0.028125 0.15390625
0 0.12265625 0.190625 0.03125 0.1703125
0 0.753125 0.065625 0.03046875 0.128125