0 0.06015625 0.57421875 0.0421875 0.20703125
0 0.2125 0.34140625 0.03984375 0.1703125
0 0.559375 0.203125 0.03515625 0.15546875
0 0.646875 0.91171875 0.04609375 0.1765625
0 0.7078125 0.54453125 0.03515625 0.18828125
0 0.76953125 0.88828125 0.06015625 0.21484375
0 0.5515625 0.83984375 0.05546875 0.2390625
0 0.33046875 0.78828125 0.04375 0.1984375
0 0.44921875 0.371875 0.03359375 0.16796875
0 0.49296875 0.9171875 0.059375 0.1640625
0 0.41875 0.3390625 0.03203125 0.19296875
0 0.40078125 0.66953125 0.03125 0.2046875
0 0.14921875 0.1921875 0.0328125 0.178125
0 0.92890625 0.53125 0.04453125 0.209375
0 0.1796875 0.19375 0.03046875 0.21640625
0 0.58671875 0.9625 0.04765625 0.075
0 0.4859375 0.20859375 0.02421875 0.1390625
0 0.12421875 0.1890625 0.02578125 0.1484375
0 0.86484375 0.359375 0.034375 0.171875
0 0.56640625 0.35078125 0.03359375 0.15390625
0 0.4578125 0.2015625 0.021875 0.140625
0 0.92109375 0.30546875 0.03203125 0.16484375
0 0.7515625 0.121875 0.028125 0.12421875
0 0.23671875 0.21796875 0.03359375 0.1609375