0 0.46796875 0.89921875 0.04453125 0.20078125
0 0.6640625 0.928125 0.0546875 0.14375
0 0.56640625 0.93515625 0.05703125 0.1296875
0 0.5484375 0.80546875 0.05546875 0.23046875
0 0.55390625 0.2328125 0.0359375 0.1765625
0 0.06171875 0.534375 0.03671875 0.2015625
0 0.70859375 0.54375 0.03515625 0.18984375
0 0.221875 0.35859375 0.03203125 0.16953125
0 0.82890625 0.95 0.0640625 0.1
0 0.5890625 0.32890625 0.0328125 0.1734375
0 0.33125 0.790625 0.04375 0.19609375
0 0.4921875 0.22734375 0.025 0.13984375
0 0.39765625 0.6609375 0.03125 0.215625
0 0.9484375 0.57265625 0.04140625 0.21875
0 0.4171875 0.33828125 0.03046875 0.18828125
0 0.44296875 0.37421875 0.03359375 0.18515625
0 0.86328125 0.16328125 0.02734375 0.1515625
0 0.18359375 0.19296875 0.03671875 0.17890625
0 0.4328125 0.21484375 0.025 0.153125
0 0.90546875 0.3859375 0.03671875 0.16171875
0 0.46640625 0.22265625 0.02109375 0.14921875
0 0.93203125 0.32109375 0.03125 0.16796875
0 0.14765625 0.1921875 0.03515625 0.17109375
0 0.87109375 0.3796875 0.03359375 0.17109375
0 0.875 0.2484375 0.02734375 0.1203125
0 0.73515625 0.6640625 0.03046875 0.20703125
0 0.7296875 0.66875 0.04765625 0.225