0 0.465625 0.89921875 0.0453125 0.20078125
0 0.55390625 0.23515625 0.03671875 0.17890625
0 0.66328125 0.92734375 0.05390625 0.14375
0 0.56640625 0.93359375 0.05546875 0.13203125
0 0.0609375 0.528125 0.0359375 0.203125
0 0.5484375 0.8015625 0.05625 0.2265625
0 0.70859375 0.54453125 0.03515625 0.1890625
0 0.58984375 0.328125 0.03203125 0.17421875
0 0.22265625 0.359375 0.03203125 0.16875
0 0.83046875 0.95390625 0.0640625 0.09140625
0 0.33046875 0.7921875 0.04453125 0.2
0 0.49296875 0.228125 0.02421875 0.140625
0 0.3984375 0.66015625 0.03046875 0.21328125
0 0.4171875 0.3390625 0.03125 0.18671875
0 0.44140625 0.375 0.03203125 0.18359375
0 0.9484375 0.5734375 0.04140625 0.2140625
0 0.4671875 0.2234375 0.021875 0.15
0 0.90625 0.38984375 0.03671875 0.159375
0 0.9328125 0.32109375 0.0328125 0.16796875
0 0.1484375 0.19296875 0.03515625 0.16953125
0 0.43359375 0.2140625 0.02578125 0.153125
0 0.184375 0.19296875 0.0359375 0.1734375
0 0.87578125 0.2515625 0.02734375 0.12578125
0 0.7296875 0.66875 0.0484375 0.221875
0 0.734375 0.6640625 0.03125 0.2046875
0 0.86328125 0.16328125 0.0265625 0.15078125
0 0.871875 0.38203125 0.03359375 0.1734375