0 0.053125 0.63203125 0.04609375 0.20703125
0 0.55234375 0.1640625 0.0328125 0.16484375
0 0.5421875 0.37109375 0.03515625 0.1796875
0 0.19296875 0.3125 0.034375 0.16484375
0 0.33203125 0.80390625 0.03984375 0.19296875
0 0.6375 0.88125 0.04765625 0.221875
0 0.553125 0.88125 0.06015625 0.228125
0 0.41640625 0.6890625 0.03828125 0.209375
0 0.70859375 0.54609375 0.03515625 0.190625
0 0.65625 0.71875 0.05703125 0.18359375
0 0.44921875 0.3671875 0.03203125 0.178125
0 0.41796875 0.33828125 0.03125 0.18984375
0 0.88984375 0.475 0.04296875 0.20078125
0 0.70078125 0.96328125 0.0421875 0.0734375
0 0.97890625 0.49375 0.040625 0.14140625
0 0.2296875 0.2546875 0.03046875 0.1765625
0 0.28671875 0.21796875 0.0265625 0.15390625
0 0.90390625 0.26796875 0.03125 0.15625
0 0.23359375 0.24453125 0.0359375 0.1984375
0 0.73046875 0.6703125 0.046875 0.225
0 0.75078125 0.0984375 0.02890625 0.13046875
0 0.73515625 0.6671875 0.03046875 0.2109375
0 0.85 0.328125 0.03515625 0.178125
0 0.9859375 0.2984375 0.02734375 0.1640625
0 0.79921875 0.096875 0.02109375 0.10859375