0 0.10078125 0.68671875 0.2 0.61015625
0 0.8875 0.65390625 0.225 0.6734375
0 0.78125 0.4390625 0.1453125 0.378125
0 0.77109375 0.62578125 0.121875 0.38984375
0 0.6546875 0.3078125 0.1265625 0.3125
0 0.66171875 0.45546875 0.1 0.27265625
0 0.51328125 0.2359375 0.0921875 0.16640625
0 0.33125 0.4296875 0.078125 0.2296875
0 0.20859375 0.659375 0.178125 0.60078125
0 0.39609375 0.39921875 0.0875 0.196875
0 0.290625 0.45078125 0.1453125 0.4203125
0 0.38125 0.2921875 0.0765625 0.215625
0 0.40625 0.175 0.0859375 0.1921875
0 0.2734375 0.4 0.109375 0.321875
0 0.6203125 0.13046875 0.059375 0.15
0 0.6015625 0.2890625 0.0671875 0.21328125
0 0.43984375 0.2453125 0.04375 0.06796875
0 0.4 0.15390625 0.06875 0.15