0 0.64140625 0.90703125 0.04453125 0.1859375
0 0.0609375 0.578125 0.04140625 0.20390625
0 0.5578125 0.1953125 0.0359375 0.16953125
0 0.7078125 0.54375 0.03515625 0.18828125
0 0.21171875 0.33359375 0.03125 0.165625
0 0.9234375 0.52890625 0.04453125 0.20625
0 0.50546875 0.91953125 0.04765625 0.1609375
0 0.3296875 0.7859375 0.04453125 0.19609375
0 0.56328125 0.35859375 0.0328125 0.15390625
0 0.44921875 0.371875 0.03359375 0.16796875
0 0.55234375 0.840625 0.05859375 0.2359375
0 0.75234375 0.8765625 0.06484375 0.246875
0 0.403125 0.6703125 0.03359375 0.20859375
0 0.41875 0.3390625 0.03203125 0.19453125
0 0.9140625 0.29765625 0.0296875 0.15625
0 0.59765625 0.96796875 0.0453125 0.0640625
0 0.48359375 0.20859375 0.02265625 0.1390625
0 0.1484375 0.19296875 0.03203125 0.17421875
0 0.86015625 0.35546875 0.03203125 0.1734375
0 0.42265625 0.1984375 0.03203125 0.134375
0 0.72890625 0.66640625 0.0484375 0.21796875
0 0.4546875 0.2015625 0.02265625 0.140625