0 0.0625 0.60234375 0.03828125 0.209375
0 0.559375 0.184375 0.03515625 0.16015625
0 0.64140625 0.89921875 0.05390625 0.19609375
0 0.7078125 0.54453125 0.03515625 0.18671875
0 0.44921875 0.37109375 0.03046875 0.16875
0 0.20703125 0.328125 0.0375 0.165625
0 0.91171875 0.50546875 0.03984375 0.2046875
0 0.55234375 0.8609375 0.06171875 0.23984375
0 0.85703125 0.346875 0.0328125 0.175
0 0.40859375 0.67421875 0.0390625 0.20546875
0 0.41875 0.33984375 0.03203125 0.19375
0 0.55625 0.3515625 0.03359375 0.16953125
0 0.51953125 0.92109375 0.0390625 0.15703125
0 0.33125 0.78828125 0.04140625 0.18828125
0 0.7140625 0.80390625 0.05859375 0.18828125
0 0.9109375 0.2875 0.03046875 0.16015625
0 0.884375 0.34609375 0.02890625 0.16171875
0 0.421875 0.19765625 0.03359375 0.14140625
0 0.4515625 0.190625 0.0234375 0.14375
0 0.72890625 0.67109375 0.05078125 0.23046875
0 0.9875 0.50859375 0.02421875 0.115625
0 0.9390625 0.4984375 0.02890625 0.18203125
0 0.27890625 0.209375 0.02421875 0.14296875
0 0.48203125 0.196875 0.0234375 0.13046875
0 0.7359375 0.66640625 0.03203125 0.2109375