0 0.66796875 0.9390625 0.04609375 0.121875
0 0.4515625 0.8875 0.053125 0.225
0 0.06171875 0.521875 0.0359375 0.2046875
0 0.55546875 0.92421875 0.04765625 0.15078125
0 0.553125 0.2515625 0.03515625 0.17578125
0 0.7078125 0.54375 0.03359375 0.1859375
0 0.22109375 0.3734375 0.040625 0.17421875
0 0.55 0.78046875 0.04765625 0.2234375
0 0.33046875 0.7921875 0.04453125 0.19453125
0 0.49453125 0.23671875 0.02578125 0.14296875
0 0.95703125 0.5859375 0.04453125 0.1953125
0 0.4 0.66328125 0.02890625 0.196875
0 0.6 0.31328125 0.0328125 0.16953125
0 0.43671875 0.38125 0.03203125 0.1796875
0 0.91171875 0.39609375 0.03125 0.1609375
0 0.46953125 0.23046875 0.02265625 0.15078125
0 0.15625 0.190625 0.03359375 0.17578125
0 0.2109375 0.2203125 0.03046875 0.1484375
0 0.88046875 0.39296875 0.03515625 0.17109375
0 0.41640625 0.3328125 0.03125 0.184375
0 0.88984375 0.2640625 0.02734375 0.12890625
0 0.18515625 0.19453125 0.03203125 0.165625
0 0.86484375 0.17578125 0.02890625 0.1609375
0 0.73515625 0.66328125 0.03046875 0.21015625
0 0.7296875 0.665625 0.05 0.221875
0 0.540625 0.06640625 0.02890625 0.13125
0 0.43359375 0.2140625 0.02421875 0.14453125
0 0.94296875 0.3359375 0.03046875 0.15390625