0 0.06015625 0.575 0.04296875 0.20625
0 0.55859375 0.20234375 0.03515625 0.15859375
0 0.21171875 0.340625 0.03671875 0.17109375
0 0.64609375 0.9109375 0.04609375 0.178125
0 0.70859375 0.54453125 0.03515625 0.18828125
0 0.44921875 0.371875 0.03359375 0.16796875
0 0.33046875 0.7890625 0.04453125 0.19921875
0 0.5515625 0.83984375 0.0546875 0.23828125
0 0.41953125 0.3390625 0.0328125 0.19296875
0 0.49453125 0.91796875 0.0578125 0.16328125
0 0.92890625 0.53125 0.04453125 0.21484375
0 0.4015625 0.67109375 0.03046875 0.20546875
0 0.76640625 0.8875 0.0578125 0.21875
0 0.14921875 0.19375 0.03203125 0.175
0 0.58828125 0.9640625 0.04609375 0.07109375
0 0.48515625 0.20859375 0.02421875 0.1390625
0 0.12421875 0.1890625 0.02578125 0.1484375
0 0.8640625 0.359375 0.03359375 0.171875
0 0.91875 0.30390625 0.03203125 0.1609375
0 0.565625 0.353125 0.0328125 0.15
0 0.17890625 0.19453125 0.03046875 0.21640625
0 0.45703125 0.2015625 0.021875 0.140625
0 0.4234375 0.19609375 0.03046875 0.1265625
0 0.73515625 0.6625 0.03046875 0.20703125
0 0.7515625 0.121875 0.03046875 0.128125
0 0.73203125 0.66640625 0.04609375 0.21875