0 0.4796875 0.9046875 0.04375 0.190625
0 0.6625 0.921875 0.05625 0.15546875
0 0.0625 0.5484375 0.03515625 0.2015625
0 0.5578125 0.22421875 0.03359375 0.16953125
0 0.578125 0.33046875 0.03671875 0.17421875
0 0.70859375 0.54609375 0.0359375 0.19140625
0 0.55 0.81328125 0.05390625 0.2234375
0 0.2171875 0.35078125 0.03203125 0.16640625
0 0.5703125 0.946875 0.06171875 0.1046875
0 0.41796875 0.33671875 0.0328125 0.1890625
0 0.33046875 0.79140625 0.04296875 0.19296875
0 0.80859375 0.92578125 0.06640625 0.1484375
0 0.39765625 0.6609375 0.0328125 0.20859375
0 0.44609375 0.378125 0.03671875 0.17578125
0 0.8703125 0.375 0.03671875 0.1796875
0 0.94453125 0.55625 0.04453125 0.21796875
0 0.14765625 0.18984375 0.03515625 0.17421875
0 0.4640625 0.21015625 0.02421875 0.14296875
0 0.49140625 0.21875 0.02421875 0.13828125
0 0.92890625 0.31875 0.03359375 0.165625
0 0.90078125 0.37265625 0.03046875 0.16640625
0 0.18125 0.19765625 0.03359375 0.18359375
0 0.43203125 0.2015625 0.02265625 0.13046875
0 0.734375 0.6640625 0.02890625 0.20703125
0 0.86953125 0.2421875 0.02890625 0.13984375
0 0.73203125 0.6671875 0.04453125 0.21640625