0 0.0625 0.60078125 0.03828125 0.20703125
0 0.55859375 0.1859375 0.034375 0.1609375
0 0.7078125 0.54453125 0.03515625 0.18828125
0 0.640625 0.9 0.05390625 0.19609375
0 0.45 0.3703125 0.03203125 0.16796875
0 0.91328125 0.50859375 0.040625 0.20703125
0 0.20625 0.328125 0.03515625 0.16640625
0 0.55234375 0.85703125 0.06015625 0.240625
0 0.85703125 0.34765625 0.034375 0.17578125
0 0.40859375 0.6734375 0.03984375 0.2046875
0 0.5578125 0.35390625 0.03203125 0.16640625
0 0.41796875 0.33984375 0.03203125 0.19296875
0 0.33203125 0.78828125 0.0390625 0.1890625
0 0.5171875 0.92109375 0.034375 0.15546875
0 0.71796875 0.81484375 0.05859375 0.203125
0 0.421875 0.196875 0.0328125 0.14140625
0 0.91171875 0.28046875 0.03046875 0.14609375
0 0.7296875 0.671875 0.05 0.23359375
0 0.88515625 0.34609375 0.0296875 0.1640625
0 0.45234375 0.190625 0.021875 0.14296875
0 0.73515625 0.66796875 0.0328125 0.2140625
0 0.98828125 0.509375 0.02265625 0.11796875
0 0.940625 0.503125 0.0296875 0.184375
0 0.93984375 0.29140625 0.02734375 0.15078125