0 0.06015625 0.58046875 0.03984375 0.20390625
0 0.640625 0.90546875 0.0453125 0.1890625
0 0.5578125 0.19765625 0.03515625 0.178125
0 0.70859375 0.54375 0.03515625 0.1890625
0 0.21171875 0.3328125 0.03203125 0.1640625
0 0.5078125 0.91953125 0.04453125 0.1609375
0 0.9234375 0.528125 0.046875 0.209375
0 0.45 0.371875 0.03203125 0.16640625
0 0.5625 0.359375 0.0328125 0.1546875
0 0.553125 0.84140625 0.05625 0.23515625
0 0.3296875 0.78671875 0.04453125 0.1984375
0 0.41953125 0.3390625 0.03359375 0.1953125
0 0.40390625 0.67109375 0.03359375 0.203125
0 0.74609375 0.8671875 0.05859375 0.23984375
0 0.9140625 0.29609375 0.0296875 0.15703125
0 0.484375 0.20859375 0.0234375 0.13984375
0 0.42265625 0.1984375 0.03203125 0.13828125
0 0.1484375 0.1890625 0.0328125 0.18359375
0 0.72890625 0.6609375 0.0484375 0.20625
0 0.86015625 0.353125 0.03203125 0.1734375
0 0.4546875 0.20078125 0.02109375 0.1390625
0 0.6 0.96875 0.03671875 0.06171875
0 0.1203125 0.18515625 0.0328125 0.159375