0 0.0546875 0.6234375 0.04453125 0.19921875
0 0.5546875 0.1703125 0.034375 0.16640625
0 0.64140625 0.88515625 0.05078125 0.225
0 0.70859375 0.54453125 0.03515625 0.1890625
0 0.19296875 0.315625 0.0359375 0.16171875
0 0.415625 0.6875 0.0375 0.2109375
0 0.89296875 0.4765625 0.0421875 0.20078125
0 0.44921875 0.36796875 0.03203125 0.17578125
0 0.33125 0.80078125 0.04296875 0.18671875
0 0.5546875 0.875 0.05703125 0.228125
0 0.54609375 0.36171875 0.03515625 0.17890625
0 0.41796875 0.3390625 0.03125 0.18984375
0 0.66953125 0.7625 0.05703125 0.23515625
0 0.98125 0.49609375 0.03671875 0.13828125
0 0.22890625 0.25703125 0.02734375 0.16640625
0 0.2859375 0.21796875 0.028125 0.146875
0 0.85078125 0.33046875 0.0328125 0.1734375
0 0.70078125 0.965625 0.04296875 0.06875
0 0.53828125 0.92421875 0.03828125 0.15
0 0.73125 0.66796875 0.04453125 0.2265625
0 0.234375 0.23984375 0.0375 0.20078125
0 0.73515625 0.665625 0.02890625 0.21328125
0 0.90546875 0.2703125 0.02734375 0.15859375
0 0.75078125 0.096875 0.0265625 0.1265625
0 0.98515625 0.30078125 0.0296875 0.16171875
0 0.47421875 0.18671875 0.02578125 0.14140625