0 0.56875 0.940625 0.06015625 0.11875
0 0.0625 0.54140625 0.03828125 0.2015625
0 0.54921875 0.8109375 0.05546875 0.22890625
0 0.66484375 0.925 0.0578125 0.15
0 0.5859375 0.328125 0.03125 0.17109375
0 0.471875 0.903125 0.04609375 0.19375
0 0.70859375 0.54609375 0.03515625 0.19296875
0 0.55390625 0.22890625 0.03515625 0.16953125
0 0.82109375 0.94140625 0.06484375 0.11640625
0 0.22109375 0.35625 0.03203125 0.1640625
0 0.33046875 0.7921875 0.04375 0.1984375
0 0.44375 0.37578125 0.03359375 0.18046875
0 0.95078125 0.5609375 0.05078125 0.23359375
0 0.39765625 0.65859375 0.03203125 0.209375
0 0.4921875 0.225 0.02421875 0.14140625
0 0.4171875 0.3390625 0.0296875 0.184375
0 0.8703125 0.3765625 0.03671875 0.1734375
0 0.87265625 0.25078125 0.02890625 0.13046875
0 0.14765625 0.190625 0.03671875 0.17421875
0 0.465625 0.215625 0.02265625 0.14921875
0 0.18203125 0.203125 0.03359375 0.171875
0 0.86328125 0.15859375 0.028125 0.1515625
0 0.73515625 0.66484375 0.03046875 0.20859375
0 0.9296875 0.32265625 0.0328125 0.16875
0 0.73125 0.66875 0.04765625 0.21953125
0 0.43125 0.209375 0.02265625 0.14296875
0 0.36875 0.35078125 0.028125 0.11796875