0 0.6734375 0.940625 0.05 0.11875
0 0.44921875 0.87890625 0.05078125 0.234375
0 0.553125 0.259375 0.0390625 0.18125
0 0.06171875 0.50625 0.0390625 0.18515625
0 0.55078125 0.91796875 0.0515625 0.1640625
0 0.7078125 0.54375 0.03671875 0.1890625
0 0.22109375 0.37734375 0.03984375 0.178125
0 0.55078125 0.771875 0.046875 0.215625
0 0.49609375 0.2421875 0.0234375 0.14140625
0 0.33203125 0.790625 0.040625 0.18828125
0 0.43359375 0.38515625 0.03671875 0.18125
0 0.4 0.66640625 0.03203125 0.19609375
0 0.88515625 0.39453125 0.03828125 0.18203125
0 0.603125 0.31484375 0.03203125 0.165625
0 0.86640625 0.1828125 0.02890625 0.15703125
0 0.95859375 0.59453125 0.04453125 0.18125
0 0.915625 0.4046875 0.03203125 0.15859375
0 0.471875 0.234375 0.021875 0.14453125
0 0.946875 0.34140625 0.0328125 0.16171875
0 0.1578125 0.17890625 0.03828125 0.19453125
0 0.43671875 0.21640625 0.028125 0.153125
0 0.415625 0.3234375 0.0296875 0.16484375
0 0.53984375 0.06796875 0.03046875 0.13359375
0 0.89453125 0.26328125 0.028125 0.12578125
0 0.7296875 0.6703125 0.04921875 0.22421875
0 0.73515625 0.66875 0.0296875 0.209375