0 0.06015625 0.57265625 0.04140625 0.20703125
0 0.64765625 0.91171875 0.04765625 0.17578125
0 0.77265625 0.89296875 0.05859375 0.21015625
0 0.559375 0.2015625 0.03515625 0.15
0 0.7078125 0.54453125 0.03515625 0.1890625
0 0.21328125 0.34140625 0.04296875 0.17109375
0 0.9296875 0.53671875 0.04609375 0.215625
0 0.44921875 0.371875 0.03359375 0.16796875
0 0.55078125 0.8390625 0.05703125 0.23828125
0 0.49140625 0.915625 0.0609375 0.16875
0 0.33125 0.78828125 0.04296875 0.19921875
0 0.40078125 0.66875 0.03046875 0.203125
0 0.41875 0.33984375 0.03125 0.19296875
0 0.1484375 0.19296875 0.0328125 0.1765625
0 0.4859375 0.2109375 0.025 0.1390625
0 0.58515625 0.96171875 0.046875 0.0765625
0 0.56640625 0.346875 0.03359375 0.16171875
0 0.17890625 0.19296875 0.0296875 0.21171875
0 0.865625 0.36171875 0.03515625 0.16875
0 0.2359375 0.21953125 0.03359375 0.15703125
0 0.12421875 0.1890625 0.02421875 0.1484375
0 0.45859375 0.203125 0.02265625 0.14296875
0 0.92109375 0.30546875 0.03203125 0.165625