0 0.053125 0.63671875 0.0421875 0.20859375
0 0.53984375 0.378125 0.0359375 0.18046875
0 0.553125 0.8890625 0.059375 0.22109375
0 0.190625 0.30546875 0.03203125 0.1640625
0 0.7078125 0.54609375 0.03515625 0.19453125
0 0.415625 0.690625 0.03828125 0.20625
0 0.33203125 0.80234375 0.03828125 0.18984375
0 0.54921875 0.15625 0.03203125 0.1703125
0 0.63359375 0.871875 0.04765625 0.22421875
0 0.44921875 0.3671875 0.03046875 0.1765625
0 0.88203125 0.47109375 0.04453125 0.209375
0 0.41796875 0.3390625 0.03203125 0.19296875
0 0.6984375 0.959375 0.04921875 0.08125
0 0.2875 0.22578125 0.02578125 0.14375
0 0.23046875 0.2578125 0.03203125 0.1734375
0 0.97109375 0.49296875 0.0375 0.1546875
0 0.63828125 0.696875 0.0546875 0.1859375
0 0.646875 0.97265625 0.040625 0.0546875
0 0.47421875 0.18125 0.0234375 0.1390625
0 0.73515625 0.6671875 0.03125 0.21015625
0 0.2359375 0.24765625 0.03828125 0.19296875
0 0.903125 0.26640625 0.0296875 0.15703125
0 0.8453125 0.31953125 0.03359375 0.1734375
0 0.77421875 0.96796875 0.0453125 0.0640625
0 0.734375 0.67109375 0.04296875 0.221875
0 0.7953125 0.0953125 0.02421875 0.10703125
0 0.15625 0.25 0.02734375 0.1609375
0 0.9875 0.29921875 0.0234375 0.17890625