0 0.06171875 0.55078125 0.03828125 0.2
0 0.55859375 0.21328125 0.03671875 0.16953125
0 0.21484375 0.3484375 0.03671875 0.16875
0 0.65625 0.915625 0.053125 0.16875
0 0.79375 0.91328125 0.05625 0.1734375
0 0.70859375 0.54609375 0.03515625 0.19296875
0 0.4859375 0.91015625 0.046875 0.1796875
0 0.33125 0.78984375 0.04296875 0.196875
0 0.57578125 0.95078125 0.05390625 0.096875
0 0.55078125 0.81796875 0.05546875 0.21796875
0 0.44765625 0.37734375 0.03359375 0.175
0 0.3984375 0.66015625 0.03046875 0.20625
0 0.934375 0.5546875 0.05078125 0.21875
0 0.57421875 0.33671875 0.0375 0.18046875
0 0.41796875 0.33828125 0.03203125 0.1890625
0 0.86875 0.371875 0.03359375 0.17890625
0 0.4640625 0.20859375 0.02578125 0.14296875
0 0.17890625 0.190625 0.02890625 0.19453125
0 0.4890625 0.21640625 0.025 0.1390625
0 0.23671875 0.21484375 0.03203125 0.16640625
0 0.92578125 0.31171875 0.03515625 0.16953125
0 0.1484375 0.19140625 0.03515625 0.17421875