0 0.53984375 0.90234375 0.0578125 0.1953125
0 0.4484375 0.85078125 0.05 0.23359375
0 0.6875 0.9546875 0.053125 0.090625
0 0.2234375 0.39140625 0.0359375 0.1765625
0 0.55078125 0.27890625 0.03828125 0.18515625
0 0.7078125 0.54453125 0.03515625 0.18671875
0 0.33046875 0.7890625 0.04453125 0.18984375
0 0.92265625 0.41953125 0.02890625 0.16171875
0 0.54609375 0.74453125 0.0484375 0.20390625
0 0.88828125 0.41015625 0.03671875 0.18359375
0 0.43515625 0.39375 0.03203125 0.17109375
0 0.61640625 0.30390625 0.03203125 0.171875
0 0.50078125 0.2515625 0.02421875 0.14140625
0 0.05625 0.48828125 0.0359375 0.1796875
0 0.3984375 0.6703125 0.03984375 0.20546875
0 0.4171875 0.33359375 0.02890625 0.18203125
0 0.95625 0.35625 0.03515625 0.17109375
0 0.87109375 0.19609375 0.03046875 0.16640625
0 0.909375 0.28671875 0.034375 0.14296875
0 0.47265625 0.24765625 0.0265625 0.15078125
0 0.51328125 0.06796875 0.0296875 0.13359375
0 0.48046875 0.07109375 0.02265625 0.14140625
0 0.73203125 0.6703125 0.05234375 0.2296875
0 0.7359375 0.665625 0.03203125 0.21875
0 0.54140625 0.0734375 0.028125 0.13984375
0 0.159375 0.18046875 0.03515625 0.196875
0 0.21328125 0.23671875 0.03359375 0.15