0 0.5375 0.8984375 0.0515625 0.203125
0 0.446875 0.83203125 0.04921875 0.221875
0 0.68828125 0.95703125 0.05234375 0.0859375
0 0.55 0.284375 0.03671875 0.178125
0 0.7078125 0.54453125 0.03515625 0.18828125
0 0.2234375 0.39296875 0.03515625 0.175
0 0.54453125 0.7390625 0.0484375 0.20859375
0 0.33046875 0.7875 0.04453125 0.18828125
0 0.8921875 0.41484375 0.03828125 0.18125
0 0.05625 0.48671875 0.03515625 0.16640625
0 0.396875 0.671875 0.04140625 0.21171875
0 0.61796875 0.3015625 0.03125 0.171875
0 0.50078125 0.25390625 0.025 0.14140625
0 0.4171875 0.33671875 0.03046875 0.18515625
0 0.925 0.42109375 0.02890625 0.1640625
0 0.43515625 0.39375 0.0328125 0.17421875
0 0.95859375 0.36328125 0.03203125 0.16953125
0 0.51328125 0.0703125 0.02890625 0.134375
0 0.871875 0.19921875 0.03046875 0.16171875
0 0.73515625 0.6640625 0.0296875 0.2140625
0 0.4734375 0.2546875 0.0265625 0.1390625
0 0.16015625 0.18046875 0.0375 0.19921875
0 0.5421875 0.07578125 0.02890625 0.140625
0 0.73046875 0.66875 0.0484375 0.23046875
0 0.9140625 0.29140625 0.03046875 0.1234375
0 0.21171875 0.240625 0.03203125 0.146875