0 0.565625 0.35703125 0.04140625 0.19296875
0 0.49375 0.83984375 0.04140625 0.2546875
0 0.45859375 0.753125 0.04453125 0.21640625
0 0.21484375 0.440625 0.04140625 0.1796875
0 0.7078125 0.54609375 0.0359375 0.190625
0 0.52578125 0.678125 0.04765625 0.2109375
0 0.92109375 0.46328125 0.03984375 0.19296875
0 0.33046875 0.78828125 0.04453125 0.18984375
0 0.5140625 0.29453125 0.02890625 0.14609375
0 0.8828125 0.24375 0.03359375 0.16484375
0 0.5484375 0.109375 0.0296875 0.14140625
0 0.640625 0.2640625 0.03125 0.153125
0 0.47578125 0.2875 0.02421875 0.15703125
0 0.7359375 0.66796875 0.0296875 0.215625
0 0.51328125 0.09609375 0.028125 0.14453125
0 0.73203125 0.66953125 0.04765625 0.22578125
0 0.9234375 0.2390625 0.02578125 0.146875
0 0.3859375 0.68125 0.03828125 0.19375
0 0.41875 0.3421875 0.034375 0.19453125
0 0.48828125 0.10546875 0.02578125 0.140625
0 0.95390625 0.4671875 0.03046875 0.17421875