0 0.56484375 0.3671875 0.03984375 0.19375
0 0.4828125 0.825 0.04921875 0.24140625
0 0.92578125 0.475 0.04140625 0.1984375
0 0.70859375 0.54609375 0.03671875 0.19296875
0 0.52421875 0.67578125 0.04453125 0.21484375
0 0.46015625 0.73359375 0.04609375 0.20859375
0 0.33046875 0.78828125 0.04453125 0.190625
0 0.88671875 0.25 0.03359375 0.16640625
0 0.2109375 0.44453125 0.04609375 0.1796875
0 0.515625 0.296875 0.02890625 0.1484375
0 0.475 0.29609375 0.02734375 0.14453125
0 0.55 0.11640625 0.03125 0.14296875
0 0.64296875 0.26171875 0.03359375 0.15859375
0 0.9265625 0.24609375 0.025 0.1546875
0 0.41796875 0.34140625 0.03515625 0.19375
0 0.8484375 0.19296875 0.025 0.14140625
0 0.9828125 0.42421875 0.034375 0.19140625
0 0.7359375 0.6671875 0.0296875 0.21171875
0 0.73046875 0.66953125 0.04921875 0.221875
0 0.3859375 0.68984375 0.0421875 0.215625
0 0.95703125 0.48046875 0.028125 0.17578125