0 0.57265625 0.39609375 0.03984375 0.2
0 0.70859375 0.54375 0.03515625 0.190625
0 0.51640625 0.3171875 0.02890625 0.15
0 0.46015625 0.7875 0.04453125 0.23125
0 0.33046875 0.78828125 0.04375 0.18984375
0 0.93828125 0.49765625 0.04140625 0.18359375
0 0.21484375 0.465625 0.03671875 0.18515625
0 0.525 0.64765625 0.04140625 0.21171875
0 0.45625 0.659375 0.04375 0.13046875
0 0.41875 0.34140625 0.03203125 0.190625
0 0.89921875 0.2640625 0.0328125 0.15546875
0 0.9359375 0.26640625 0.02734375 0.16484375
0 0.20625 0.26640625 0.025 0.1453125
0 0.47421875 0.30703125 0.02578125 0.1640625
0 0.73359375 0.665625 0.034375 0.22109375
0 0.8578125 0.2140625 0.02578125 0.14296875
0 0.2265625 0.32109375 0.03125 0.16640625
0 0.73046875 0.66796875 0.05 0.23203125
0 0.659375 0.25 0.03125 0.14609375
0 0.54921875 0.128125 0.0296875 0.14921875