0 0.4625 0.796875 0.046875 0.23125
0 0.515625 0.3140625 0.02890625 0.15
0 0.57265625 0.39296875 0.04140625 0.2015625
0 0.9359375 0.49765625 0.03984375 0.190625
0 0.21640625 0.4640625 0.03828125 0.18671875
0 0.7078125 0.54375 0.03515625 0.18984375
0 0.525 0.64921875 0.04296875 0.21328125
0 0.33046875 0.78828125 0.04453125 0.19140625
0 0.45703125 0.665625 0.04453125 0.13671875
0 0.8984375 0.2625 0.03515625 0.159375
0 0.85703125 0.21328125 0.02421875 0.140625
0 0.41875 0.340625 0.03125 0.190625
0 0.47421875 0.30390625 0.02890625 0.16328125
0 0.20625 0.26328125 0.02421875 0.1484375
0 0.734375 0.665625 0.0328125 0.21875
0 0.73203125 0.66875 0.04921875 0.228125
0 0.22578125 0.32265625 0.03046875 0.16015625
0 0.54921875 0.128125 0.0296875 0.14921875
0 0.6578125 0.25 0.03203125 0.14609375