0 0.57109375 0.390625 0.03984375 0.2015625
0 0.70859375 0.54375 0.034375 0.18984375
0 0.215625 0.4625 0.03671875 0.190625
0 0.46640625 0.7984375 0.053125 0.24921875
0 0.8953125 0.26171875 0.0359375 0.15859375
0 0.33046875 0.7890625 0.04453125 0.19140625
0 0.5265625 0.646875 0.0453125 0.2015625
0 0.934375 0.48828125 0.03828125 0.184375
0 0.515625 0.309375 0.0296875 0.1484375
0 0.85546875 0.20390625 0.02421875 0.14140625
0 0.20703125 0.259375 0.0265625 0.1515625
0 0.9875 0.4359375 0.025 0.1859375
0 0.41953125 0.34140625 0.0328125 0.19375
0 0.734375 0.665625 0.03359375 0.2203125
0 0.475 0.30703125 0.025 0.14921875
0 0.653125 0.25234375 0.03046875 0.146875
0 0.73125 0.66875 0.04921875 0.2265625
0 0.459375 0.684375 0.04453125 0.15
0 0.96484375 0.49296875 0.03203125 0.146875
0 0.225 0.31796875 0.03046875 0.1609375
0 0.55 0.1265625 0.02890625 0.146875