0 0.6859375 0.94921875 0.05234375 0.1015625
0 0.45078125 0.86328125 0.04765625 0.23359375
0 0.55 0.2734375 0.03515625 0.1859375
0 0.54375 0.909375 0.05703125 0.18046875
0 0.88671875 0.40546875 0.03671875 0.18671875
0 0.2234375 0.3859375 0.0359375 0.171875
0 0.5484375 0.753125 0.04609375 0.21640625
0 0.7078125 0.54375 0.03515625 0.1890625
0 0.49921875 0.2484375 0.02421875 0.140625
0 0.4 0.66640625 0.03828125 0.196875
0 0.6125 0.30625 0.03046875 0.16953125
0 0.33125 0.78828125 0.04453125 0.190625
0 0.43515625 0.3890625 0.034375 0.184375
0 0.0609375 0.49765625 0.03359375 0.18359375
0 0.95078125 0.35625 0.03515625 0.17109375
0 0.47265625 0.24453125 0.02578125 0.146875
0 0.9203125 0.41015625 0.02890625 0.16875
0 0.86953125 0.1875 0.03125 0.16328125
0 0.41640625 0.33203125 0.03046875 0.18203125
0 0.540625 0.07109375 0.028125 0.13984375
0 0.96484375 0.60546875 0.0453125 0.18515625
0 0.05546875 0.49375 0.05 0.1953125
0 0.73671875 0.6734375 0.02734375 0.2203125
0 0.73203125 0.66875 0.05078125 0.225
0 0.5140625 0.06328125 0.02734375 0.12578125
0 0.43984375 0.22109375 0.03359375 0.16171875