0 0.57421875 0.40625 0.04140625 0.196875
0 0.70859375 0.5453125 0.03515625 0.1953125
0 0.21484375 0.4734375 0.04140625 0.19140625
0 0.940625 0.50703125 0.04453125 0.2
0 0.52265625 0.63828125 0.04140625 0.20546875
0 0.90234375 0.26875 0.03203125 0.14921875
0 0.33125 0.78828125 0.0421875 0.190625
0 0.86015625 0.21640625 0.0265625 0.1453125
0 0.41953125 0.34296875 0.03203125 0.1859375
0 0.5171875 0.3234375 0.0296875 0.1515625
0 0.45546875 0.75703125 0.0453125 0.29140625
0 0.22734375 0.32578125 0.034375 0.175
0 0.20625 0.27109375 0.02421875 0.1484375
0 0.93828125 0.27578125 0.0265625 0.1640625
0 0.6625 0.24375 0.03203125 0.1609375
0 0.734375 0.66328125 0.0328125 0.21328125
0 0.72890625 0.665625 0.04921875 0.22109375
0 0.47421875 0.31328125 0.02734375 0.15859375