0 0.50390625 0.84609375 0.0484375 0.2515625
0 0.5609375 0.3421875 0.03515625 0.1953125
0 0.7078125 0.54453125 0.03515625 0.18828125
0 0.45625 0.76640625 0.04609375 0.21640625
0 0.21875 0.428125 0.03828125 0.18125
0 0.528125 0.696875 0.04921875 0.21640625
0 0.5109375 0.28203125 0.02578125 0.13984375
0 0.33125 0.790625 0.04375 0.18984375
0 0.9125 0.4546875 0.04296875 0.18984375
0 0.6359375 0.265625 0.034375 0.1453125
0 0.4734375 0.275 0.02421875 0.15859375
0 0.51328125 0.09140625 0.02890625 0.14296875
0 0.2125 0.278125 0.03359375 0.16171875
0 0.88046875 0.2390625 0.03203125 0.16640625
0 0.94765625 0.45625 0.03828125 0.1796875
0 0.3859375 0.68046875 0.034375 0.20390625
0 0.7359375 0.6703125 0.0296875 0.21953125
0 0.54765625 0.10625 0.0265625 0.140625
0 0.73203125 0.671875 0.04921875 0.2296875
0 0.41484375 0.35078125 0.03515625 0.2140625
0 0.9765625 0.40546875 0.040625 0.1765625
0 0.4734375 0.2890625 0.0203125 0.13125
0 0.165625 0.196875 0.04296875 0.1609375
0 0.484375 0.10234375 0.0234375 0.13984375