0 0.44921875 0.859375 0.04921875 0.23515625
0 0.54140625 0.90859375 0.05703125 0.18203125
0 0.68671875 0.9515625 0.05390625 0.096875
0 0.54921875 0.2734375 0.03671875 0.1859375
0 0.7078125 0.54453125 0.034375 0.18828125
0 0.54765625 0.7515625 0.046875 0.2140625
0 0.8875 0.40546875 0.03515625 0.18515625
0 0.39921875 0.665625 0.03984375 0.1953125
0 0.5 0.24921875 0.02421875 0.14140625
0 0.43515625 0.38984375 0.03515625 0.18359375
0 0.225 0.38984375 0.03671875 0.1765625
0 0.33125 0.7890625 0.04453125 0.19375
0 0.6140625 0.30625 0.03046875 0.16953125
0 0.921875 0.4140625 0.0296875 0.1640625
0 0.953125 0.35703125 0.0359375 0.1703125
0 0.8703125 0.19140625 0.03203125 0.165625
0 0.05859375 0.5046875 0.03359375 0.171875
0 0.47265625 0.246875 0.025 0.14921875
0 0.415625 0.33203125 0.02890625 0.18046875
0 0.51328125 0.0640625 0.0265625 0.128125
0 0.9078125 0.27734375 0.03203125 0.1390625
0 0.540625 0.071875 0.028125 0.13828125
0 0.73515625 0.665625 0.03046875 0.21015625
0 0.73125 0.66953125 0.0515625 0.22109375
0 0.43984375 0.22265625 0.0359375 0.15859375