0 0.5734375 0.40546875 0.04140625 0.2
0 0.70859375 0.54375 0.03515625 0.190625
0 0.5234375 0.6390625 0.04140625 0.20859375
0 0.215625 0.46953125 0.03984375 0.18359375
0 0.93984375 0.5015625 0.0453125 0.1953125
0 0.33125 0.78828125 0.04296875 0.18828125
0 0.9015625 0.2640625 0.03046875 0.14296875
0 0.51640625 0.321875 0.03046875 0.1515625
0 0.41953125 0.34296875 0.03203125 0.18828125
0 0.45625 0.74921875 0.0453125 0.30859375
0 0.859375 0.21640625 0.02578125 0.14296875
0 0.20625 0.26953125 0.02578125 0.1484375
0 0.9375 0.27421875 0.02734375 0.1640625
0 0.22734375 0.325 0.03515625 0.17421875
0 0.37578125 0.40078125 0.0390625 0.184375
0 0.66171875 0.24609375 0.0328125 0.1546875
0 0.73359375 0.665625 0.03359375 0.21640625
0 0.72890625 0.66796875 0.05 0.228125
0 0.475 0.3125 0.02421875 0.16328125
0 0.18515625 0.20625 0.0375 0.23203125
0 0.49765625 0.1265625 0.028125 0.14921875