0 0.5359375 0.89453125 0.046875 0.21015625
0 0.44765625 0.82890625 0.046875 0.22421875
0 0.55078125 0.29140625 0.03671875 0.18125
0 0.6890625 0.959375 0.05078125 0.08046875
0 0.70859375 0.54453125 0.0359375 0.1890625
0 0.22109375 0.39453125 0.0359375 0.175
0 0.54296875 0.73046875 0.04609375 0.2015625
0 0.33125 0.790625 0.04453125 0.18984375
0 0.4359375 0.39296875 0.03203125 0.17578125
0 0.92734375 0.42421875 0.0265625 0.15625
0 0.3953125 0.67578125 0.04296875 0.21953125
0 0.61953125 0.29609375 0.03203125 0.16484375
0 0.50234375 0.25625 0.02578125 0.140625
0 0.05625 0.48671875 0.034375 0.1640625
0 0.89375 0.41640625 0.04140625 0.18046875
0 0.4171875 0.3359375 0.03125 0.18515625
0 0.51171875 0.0703125 0.03125 0.13515625
0 0.96015625 0.36640625 0.03046875 0.16484375
0 0.87265625 0.2015625 0.03046875 0.15625
0 0.2109375 0.23125 0.03359375 0.18046875
0 0.47421875 0.25390625 0.02578125 0.1390625
0 0.54296875 0.07578125 0.0296875 0.1390625
0 0.73515625 0.66640625 0.02890625 0.21640625
0 0.73359375 0.67109375 0.0484375 0.228125
0 0.91796875 0.28046875 0.03125 0.08828125
0 0.15859375 0.1796875 0.03671875 0.196875