0 0.465625 0.803125 0.05078125 0.24453125
0 0.571875 0.39140625 0.0390625 0.2015625
0 0.7078125 0.54375 0.034375 0.18984375
0 0.52734375 0.6453125 0.04609375 0.20390625
0 0.33046875 0.78828125 0.04453125 0.190625
0 0.515625 0.309375 0.02890625 0.14921875
0 0.215625 0.4640625 0.0359375 0.18828125
0 0.89609375 0.265625 0.03671875 0.15703125
0 0.9359375 0.49140625 0.03828125 0.19375
0 0.20625 0.259375 0.02734375 0.15390625
0 0.85546875 0.20625 0.02421875 0.14375
0 0.45859375 0.67890625 0.04453125 0.14453125
0 0.41953125 0.34140625 0.03125 0.18984375
0 0.734375 0.665625 0.03203125 0.2203125
0 0.47421875 0.30234375 0.02734375 0.15859375
0 0.225 0.3203125 0.03046875 0.1640625
0 0.98828125 0.434375 0.02265625 0.1796875
0 0.9671875 0.4953125 0.03203125 0.14375
0 0.73203125 0.66875 0.0484375 0.22578125
0 0.6546875 0.25078125 0.03046875 0.15
0 0.55 0.12734375 0.0296875 0.146875
0 0.17890625 0.2390625 0.03203125 0.165625