0 0.48515625 0.825 0.046875 0.23984375
0 0.56484375 0.36640625 0.03984375 0.19375
0 0.7078125 0.54453125 0.0359375 0.1890625
0 0.5234375 0.675 0.04453125 0.21328125
0 0.92421875 0.4734375 0.0390625 0.19375
0 0.46015625 0.73828125 0.0453125 0.2109375
0 0.8859375 0.2515625 0.03359375 0.16328125
0 0.21015625 0.44609375 0.04609375 0.18359375
0 0.51484375 0.29453125 0.028125 0.1484375
0 0.33125 0.78828125 0.04375 0.190625
0 0.64296875 0.2625 0.03203125 0.1546875
0 0.475 0.29453125 0.02734375 0.14453125
0 0.54921875 0.1140625 0.03125 0.13984375
0 0.9828125 0.41953125 0.034375 0.18046875
0 0.84765625 0.19296875 0.025 0.14375
0 0.9265625 0.24609375 0.02421875 0.1546875
0 0.41796875 0.34140625 0.03359375 0.19140625
0 0.38671875 0.69140625 0.04296875 0.21953125
0 0.7359375 0.66796875 0.02890625 0.21640625
0 0.73046875 0.67109375 0.0484375 0.2296875
0 0.95546875 0.4796875 0.02890625 0.175