0 0.5640625 0.34609375 0.040625 0.196875
0 0.49921875 0.8421875 0.04609375 0.2515625
0 0.7078125 0.5453125 0.0359375 0.1890625
0 0.215625 0.434375 0.03984375 0.18359375
0 0.45703125 0.76015625 0.0453125 0.21640625
0 0.91640625 0.45546875 0.04140625 0.18359375
0 0.33046875 0.7890625 0.04453125 0.190625
0 0.5125 0.2875 0.02890625 0.14375
0 0.5265625 0.690625 0.04609375 0.221875
0 0.6375 0.265625 0.03203125 0.14921875
0 0.9515625 0.46796875 0.03046875 0.153125
0 0.88125 0.2390625 0.03359375 0.15859375
0 0.51328125 0.0953125 0.02890625 0.14453125
0 0.54765625 0.10703125 0.02890625 0.140625
0 0.475 0.28359375 0.02265625 0.1546875
0 0.215625 0.2640625 0.03046875 0.16875
0 0.72890625 0.66953125 0.05 0.2296875
0 0.7359375 0.6671875 0.0296875 0.21640625
0 0.2140625 0.246875 0.03515625 0.2234375
0 0.97890625 0.4078125 0.03359375 0.178125
0 0.48671875 0.10390625 0.025 0.14140625
0 0.91953125 0.22890625 0.02421875 0.1515625
0 0.384375 0.678125 0.03671875 0.1953125
0 0.25234375 0.17890625 0.02578125 0.13359375