0 0.56484375 0.3453125 0.04140625 0.19375
0 0.496875 0.84140625 0.04453125 0.253125
0 0.7078125 0.54453125 0.03671875 0.18984375
0 0.91796875 0.45625 0.04140625 0.18515625
0 0.215625 0.43671875 0.03828125 0.18203125
0 0.5125 0.2890625 0.02734375 0.14140625
0 0.4578125 0.76171875 0.04453125 0.2203125
0 0.33046875 0.78828125 0.04453125 0.1890625
0 0.5265625 0.6890625 0.04609375 0.2234375
0 0.9515625 0.4703125 0.03125 0.15625
0 0.63828125 0.265625 0.03125 0.146875
0 0.88125 0.2359375 0.03359375 0.1609375
0 0.475 0.284375 0.0234375 0.159375
0 0.5484375 0.10625 0.028125 0.140625
0 0.5125 0.09453125 0.0296875 0.1453125
0 0.73515625 0.665625 0.0296875 0.21015625
0 0.7296875 0.66953125 0.04921875 0.225
0 0.21640625 0.26875 0.03046875 0.15625
0 0.9203125 0.22734375 0.02578125 0.146875
0 0.21484375 0.25390625 0.03515625 0.1984375
0 0.4875 0.103125 0.0234375 0.14140625
0 0.84453125 0.1890625 0.02265625 0.14140625