0 0.565625 0.36171875 0.03984375 0.190625
0 0.48828125 0.834375 0.04921875 0.2515625
0 0.45859375 0.7484375 0.04375 0.21640625
0 0.7078125 0.5453125 0.03671875 0.18984375
0 0.921875 0.4703125 0.0390625 0.20078125
0 0.525 0.67421875 0.04765625 0.21015625
0 0.33046875 0.7875 0.04453125 0.190625
0 0.21015625 0.4421875 0.03828125 0.18046875
0 0.5140625 0.29375 0.02734375 0.146875
0 0.8828125 0.25 0.0328125 0.1640625
0 0.475 0.29140625 0.025 0.153125
0 0.5484375 0.11171875 0.03046875 0.13984375
0 0.6421875 0.26328125 0.03203125 0.15390625
0 0.41875 0.3421875 0.03359375 0.19140625
0 0.73671875 0.66953125 0.03046875 0.21640625
0 0.925 0.24375 0.02578125 0.153125
0 0.734375 0.671875 0.04765625 0.22890625
0 0.3859375 0.690625 0.04140625 0.21875
0 0.51328125 0.09296875 0.02890625 0.15546875
0 0.95390625 0.478125 0.0296875 0.16875
0 0.98359375 0.41796875 0.0328125 0.1890625
0 0.8453125 0.1890625 0.02421875 0.13984375
0 0.4125 0.34609375 0.040625 0.196875