0 0.56875 0.38125 0.04296875 0.2
0 0.47421875 0.809375 0.05703125 0.26328125
0 0.70859375 0.54375 0.03515625 0.18984375
0 0.9296875 0.4796875 0.04296875 0.184375
0 0.33046875 0.7890625 0.04453125 0.18984375
0 0.89140625 0.25546875 0.03515625 0.16875
0 0.52421875 0.66171875 0.04140625 0.21015625
0 0.2140625 0.4578125 0.03984375 0.18828125
0 0.515625 0.30703125 0.0265625 0.1484375
0 0.41875 0.34296875 0.0328125 0.18984375
0 0.65 0.2546875 0.03046875 0.14609375
0 0.984375 0.4328125 0.03046875 0.19609375
0 0.46171875 0.69453125 0.04296875 0.15
0 0.55 0.11796875 0.03046875 0.14375
0 0.475 0.30546875 0.02578125 0.15
0 0.9625 0.4875 0.03203125 0.146875
0 0.85234375 0.19921875 0.0265625 0.140625
0 0.73515625 0.6640625 0.03046875 0.21328125
0 0.73203125 0.66953125 0.046875 0.22890625
0 0.515625 0.11328125 0.02578125 0.1359375
0 0.22421875 0.3140625 0.0328125 0.15078125