0 0.68359375 0.94609375 0.05078125 0.10703125
0 0.4515625 0.86328125 0.046875 0.23125
0 0.5453125 0.91015625 0.05625 0.1796875
0 0.22421875 0.3828125 0.03828125 0.178125
0 0.55 0.27109375 0.03515625 0.18359375
0 0.61171875 0.30546875 0.03203125 0.16875
0 0.70859375 0.54375 0.03515625 0.1890625
0 0.88671875 0.40390625 0.0390625 0.1890625
0 0.4984375 0.24609375 0.0234375 0.140625
0 0.55 0.75625 0.04921875 0.21796875
0 0.33125 0.790625 0.04375 0.19375
0 0.434375 0.38828125 0.03515625 0.18828125
0 0.39921875 0.66328125 0.03828125 0.19140625
0 0.47265625 0.24375 0.02578125 0.1453125
0 0.0609375 0.5 0.03515625 0.1796875
0 0.86875 0.18515625 0.03046875 0.16171875
0 0.95 0.353125 0.03671875 0.1703125
0 0.91953125 0.40703125 0.02890625 0.1609375
0 0.9625 0.59921875 0.04140625 0.184375
0 0.05546875 0.490625 0.05 0.2046875
0 0.540625 0.06875 0.02890625 0.1359375
0 0.9046875 0.28046875 0.0296875 0.14296875
0 0.5125 0.06171875 0.028125 0.1234375
0 0.4390625 0.2203125 0.0328125 0.16015625
0 0.41640625 0.3328125 0.02734375 0.17421875
0 0.73515625 0.66328125 0.02890625 0.2109375
0 0.7296875 0.6671875 0.04921875 0.2265625
0 0.48125 0.06953125 0.02265625 0.1390625
0 0.159375 0.178125 0.03671875 0.19921875