0 0.56484375 0.3515625 0.04140625 0.196875
0 0.4953125 0.840625 0.04296875 0.2515625
0 0.7078125 0.54609375 0.03671875 0.19140625
0 0.21484375 0.4390625 0.0421875 0.18046875
0 0.4578125 0.7578125 0.046875 0.221875
0 0.51328125 0.29296875 0.02890625 0.1453125
0 0.33125 0.7890625 0.04375 0.190625
0 0.9203125 0.4609375 0.03828125 0.19140625
0 0.52578125 0.68125 0.04609375 0.2109375
0 0.88203125 0.23984375 0.034375 0.16484375
0 0.475 0.2859375 0.02734375 0.15625
0 0.63984375 0.265625 0.03125 0.15
0 0.5484375 0.1078125 0.02890625 0.14296875
0 0.953125 0.471875 0.03203125 0.16015625
0 0.7359375 0.6671875 0.02890625 0.21328125
0 0.7296875 0.66875 0.0484375 0.2265625
0 0.921875 0.2296875 0.02578125 0.15078125
0 0.51328125 0.09609375 0.028125 0.14375
0 0.4875 0.10390625 0.02578125 0.14296875
0 0.84453125 0.18828125 0.02265625 0.140625
0 0.21640625 0.2796875 0.03046875 0.16015625