0 0.5359375 0.89609375 0.0484375 0.20703125
0 0.446875 0.8296875 0.04609375 0.2234375
0 0.6875 0.9578125 0.053125 0.084375
0 0.55 0.2890625 0.0375 0.18046875
0 0.221875 0.39453125 0.0359375 0.175
0 0.70859375 0.54453125 0.03515625 0.18671875
0 0.54453125 0.73203125 0.046875 0.2015625
0 0.33125 0.7890625 0.04375 0.1890625
0 0.39609375 0.6734375 0.0421875 0.21484375
0 0.43515625 0.39375 0.03203125 0.17578125
0 0.9265625 0.4234375 0.02734375 0.1546875
0 0.61875 0.29921875 0.03203125 0.16953125
0 0.05625 0.48515625 0.03515625 0.16875
0 0.8921875 0.42109375 0.04140625 0.18125
0 0.4171875 0.33671875 0.03046875 0.1859375
0 0.50078125 0.25546875 0.02578125 0.14296875
0 0.959375 0.36484375 0.03046875 0.165625
0 0.5125 0.07109375 0.03046875 0.1359375
0 0.2109375 0.22890625 0.0328125 0.17421875
0 0.871875 0.20078125 0.0296875 0.15703125
0 0.5421875 0.07578125 0.02890625 0.140625
0 0.73515625 0.665625 0.02890625 0.21640625
0 0.159375 0.17890625 0.03671875 0.196875
0 0.7328125 0.66875 0.0484375 0.228125
0 0.4734375 0.25 0.02578125 0.1484375
0 0.05078125 0.46640625 0.05234375 0.20625