0 0.540625 0.9046875 0.059375 0.190625
0 0.44921875 0.85625 0.05 0.2390625
0 0.68671875 0.95234375 0.0546875 0.0953125
0 0.55 0.2734375 0.03671875 0.18828125
0 0.8875 0.40703125 0.03671875 0.18359375
0 0.54765625 0.75078125 0.0484375 0.2109375
0 0.7078125 0.54453125 0.03515625 0.18984375
0 0.92265625 0.41796875 0.03046875 0.1609375
0 0.225 0.390625 0.03671875 0.17578125
0 0.61484375 0.30625 0.03203125 0.1703125
0 0.5 0.24921875 0.02421875 0.14296875
0 0.33046875 0.78984375 0.04453125 0.19140625
0 0.43515625 0.3890625 0.03359375 0.1796875
0 0.3984375 0.66953125 0.03984375 0.20390625
0 0.95390625 0.35703125 0.03515625 0.1703125
0 0.87109375 0.19453125 0.03046875 0.16640625
0 0.90859375 0.28046875 0.03203125 0.1515625
0 0.47265625 0.25 0.025 0.14609375
0 0.41640625 0.3328125 0.02890625 0.18046875
0 0.5140625 0.0640625 0.02890625 0.1265625
0 0.48125 0.07109375 0.0234375 0.14140625
0 0.540625 0.0734375 0.02890625 0.13984375
0 0.0578125 0.4984375 0.03359375 0.1734375