0 0.5375 0.9 0.053125 0.2
0 0.446875 0.834375 0.05 0.22109375
0 0.55078125 0.2828125 0.0375 0.178125
0 0.6875 0.95625 0.05234375 0.08671875
0 0.22421875 0.39375 0.03515625 0.17421875
0 0.70859375 0.54609375 0.03515625 0.190625
0 0.33046875 0.78828125 0.04453125 0.1890625
0 0.5453125 0.7375 0.04765625 0.20078125
0 0.61796875 0.303125 0.0328125 0.171875
0 0.05703125 0.4890625 0.03359375 0.165625
0 0.5 0.25390625 0.02421875 0.14296875
0 0.92421875 0.42109375 0.0296875 0.1609375
0 0.89140625 0.4140625 0.03984375 0.18125
0 0.39765625 0.66953125 0.0421875 0.2046875
0 0.4171875 0.3359375 0.0296875 0.18515625
0 0.4359375 0.3921875 0.03359375 0.17421875
0 0.9578125 0.3609375 0.03203125 0.16875
0 0.871875 0.2 0.03046875 0.16171875
0 0.159375 0.17890625 0.0359375 0.1953125
0 0.51328125 0.06953125 0.02890625 0.1359375
0 0.47265625 0.2515625 0.02578125 0.14375
0 0.21171875 0.23203125 0.03359375 0.17109375
0 0.73515625 0.6640625 0.028125 0.21015625
0 0.73125 0.66875 0.04765625 0.2234375
0 0.91328125 0.2890625 0.03046875 0.12421875
0 0.5421875 0.07578125 0.028125 0.140625