0 0.446875 0.83828125 0.04921875 0.22421875
0 0.53671875 0.90234375 0.0546875 0.1953125
0 0.68828125 0.95546875 0.05234375 0.0890625
0 0.225 0.39375 0.0359375 0.1734375
0 0.55078125 0.28203125 0.03828125 0.1796875
0 0.70859375 0.54609375 0.0359375 0.19140625
0 0.5453125 0.740625 0.04765625 0.203125
0 0.33046875 0.7890625 0.04453125 0.19296875
0 0.61640625 0.30390625 0.0328125 0.1734375
0 0.890625 0.4125 0.03984375 0.18203125
0 0.05546875 0.49140625 0.03671875 0.16171875
0 0.9234375 0.41875 0.02890625 0.1640625
0 0.50078125 0.2546875 0.02421875 0.14375
0 0.3984375 0.66953125 0.040625 0.20390625
0 0.43515625 0.39296875 0.0328125 0.17421875
0 0.4171875 0.33515625 0.0296875 0.18203125
0 0.95703125 0.35859375 0.0328125 0.17109375
0 0.87109375 0.20078125 0.03046875 0.16171875
0 0.47265625 0.24921875 0.02578125 0.146875
0 0.51328125 0.06953125 0.028125 0.13515625
0 0.9109375 0.2890625 0.03359375 0.13203125
0 0.15859375 0.17890625 0.03671875 0.19609375
0 0.7359375 0.66796875 0.0296875 0.21484375
0 0.7328125 0.671875 0.04921875 0.225
0 0.54140625 0.07421875 0.02734375 0.13984375