0 0.53984375 0.90234375 0.05703125 0.1953125
0 0.44765625 0.84453125 0.05 0.22578125
0 0.6875 0.95546875 0.05234375 0.0890625
0 0.2234375 0.39140625 0.03515625 0.175
0 0.55078125 0.28046875 0.03828125 0.18359375
0 0.70859375 0.54453125 0.03515625 0.1859375
0 0.8890625 0.41015625 0.03828125 0.18515625
0 0.33046875 0.7890625 0.04453125 0.1890625
0 0.54609375 0.74296875 0.04765625 0.2015625
0 0.61640625 0.3046875 0.03203125 0.1734375
0 0.9234375 0.4140625 0.0296875 0.17109375
0 0.05703125 0.48671875 0.0359375 0.17109375
0 0.5 0.253125 0.0234375 0.14375
0 0.43515625 0.39375 0.03125 0.1703125
0 0.39765625 0.66953125 0.03984375 0.2046875
0 0.95703125 0.35703125 0.0328125 0.1734375
0 0.41640625 0.334375 0.0296875 0.18125
0 0.87109375 0.1984375 0.0296875 0.16171875
0 0.47265625 0.24921875 0.02578125 0.1484375
0 0.51328125 0.06796875 0.0265625 0.13359375
0 0.7359375 0.665625 0.0296875 0.21953125
0 0.9109375 0.28828125 0.03359375 0.13671875
0 0.73359375 0.66953125 0.04609375 0.23203125
0 0.15859375 0.18046875 0.03515625 0.196875
0 0.54140625 0.07421875 0.02734375 0.140625