0 0.2203125 0.4859375 0.04296875 0.184375
0 0.5734375 0.428125 0.0421875 0.203125
0 0.70859375 0.5453125 0.0359375 0.19375
0 0.946875 0.52421875 0.03984375 0.1984375
0 0.52109375 0.62109375 0.04375 0.20625
0 0.43828125 0.7671875 0.05078125 0.22890625
0 0.5171875 0.3359375 0.03046875 0.15078125
0 0.33125 0.78984375 0.04375 0.18671875
0 0.865625 0.22421875 0.02890625 0.13828125
0 0.41796875 0.34140625 0.03203125 0.18671875
0 0.915625 0.284375 0.03515625 0.15625
0 0.234375 0.3421875 0.03671875 0.1640625
0 0.47421875 0.340625 0.0265625 0.13359375
0 0.55078125 0.1390625 0.03203125 0.14609375
0 0.734375 0.665625 0.03046875 0.21484375
0 0.7296875 0.66875 0.04765625 0.22578125
0 0.4515625 0.66640625 0.04140625 0.20078125
0 0.45078125 0.634375 0.0421875 0.134375
0 0.20859375 0.28125 0.02734375 0.15390625
0 0.0890625 0.3765625 0.02890625 0.15625