0 0.540625 0.90703125 0.05703125 0.18515625
0 0.4484375 0.85546875 0.05078125 0.2390625
0 0.68671875 0.953125 0.0546875 0.09375
0 0.54765625 0.75 0.04765625 0.2140625
0 0.7078125 0.54453125 0.03515625 0.18828125
0 0.55 0.2765625 0.03671875 0.1859375
0 0.22578125 0.39140625 0.03828125 0.1796875
0 0.8875 0.40859375 0.0359375 0.18359375
0 0.61484375 0.30546875 0.03125 0.17109375
0 0.43515625 0.39140625 0.03359375 0.1796875
0 0.5 0.2515625 0.02421875 0.140625
0 0.33046875 0.79140625 0.04453125 0.19375
0 0.92265625 0.41796875 0.02890625 0.16640625
0 0.3984375 0.6734375 0.03984375 0.21171875
0 0.87109375 0.19609375 0.03125 0.16796875
0 0.4171875 0.33359375 0.02890625 0.18046875
0 0.9546875 0.35625 0.03515625 0.17421875
0 0.909375 0.28203125 0.0328125 0.14296875
0 0.47265625 0.2484375 0.025 0.14921875
0 0.51328125 0.065625 0.0296875 0.13125
0 0.54140625 0.0734375 0.02890625 0.14140625
0 0.73671875 0.6734375 0.02734375 0.2203125
0 0.48125 0.07109375 0.02265625 0.14140625
0 0.05859375 0.49609375 0.03203125 0.16796875
0 0.73125 0.671875 0.05 0.22890625