0 0.5328125 0.890625 0.04921875 0.21875
0 0.4484375 0.828125 0.04765625 0.22890625
0 0.553125 0.29453125 0.03671875 0.18828125
0 0.70859375 0.54453125 0.0359375 0.18984375
0 0.54140625 0.7234375 0.04453125 0.2
0 0.21953125 0.403125 0.03671875 0.18046875
0 0.690625 0.96015625 0.046875 0.0796875
0 0.33125 0.790625 0.04296875 0.190625
0 0.93125 0.428125 0.0328125 0.1640625
0 0.39296875 0.67578125 0.04140625 0.215625
0 0.50234375 0.259375 0.02421875 0.140625
0 0.89765625 0.41796875 0.040625 0.18203125
0 0.87265625 0.20234375 0.03203125 0.16015625
0 0.62265625 0.29453125 0.034375 0.165625
0 0.434375 0.39296875 0.03125 0.175
0 0.05625 0.4859375 0.03515625 0.16875
0 0.41796875 0.33671875 0.0328125 0.18671875
0 0.475 0.25859375 0.02578125 0.14609375
0 0.921875 0.29296875 0.03125 0.1140625
0 0.96171875 0.36953125 0.03359375 0.16484375
0 0.5109375 0.07109375 0.028125 0.1359375
0 0.73515625 0.6640625 0.028125 0.21484375
0 0.54375 0.078125 0.028125 0.140625
0 0.90703125 0.20078125 0.02265625 0.15
0 0.73359375 0.66875 0.04609375 0.23125