0 0.53125 0.8890625 0.04921875 0.22109375
0 0.44921875 0.82578125 0.04765625 0.22578125
0 0.553125 0.29375 0.0375 0.1859375
0 0.54140625 0.7234375 0.0453125 0.2015625
0 0.70859375 0.54609375 0.0359375 0.190625
0 0.21953125 0.403125 0.03671875 0.18046875
0 0.69140625 0.9609375 0.04453125 0.078125
0 0.33125 0.78984375 0.04375 0.190625
0 0.8984375 0.41875 0.040625 0.18203125
0 0.3921875 0.675 0.0421875 0.21640625
0 0.434375 0.39453125 0.0328125 0.175
0 0.50234375 0.26171875 0.02421875 0.140625
0 0.87265625 0.2015625 0.03203125 0.1609375
0 0.6234375 0.29453125 0.034375 0.16640625
0 0.93125 0.42890625 0.03359375 0.16171875
0 0.5109375 0.07109375 0.0296875 0.13671875
0 0.9234375 0.29296875 0.03046875 0.11484375
0 0.05703125 0.48828125 0.034375 0.16171875
0 0.47421875 0.2578125 0.02734375 0.15078125
0 0.96328125 0.3703125 0.034375 0.1640625
0 0.4171875 0.33671875 0.03125 0.18671875
0 0.21015625 0.253125 0.03046875 0.14921875
0 0.54296875 0.078125 0.028125 0.140625
0 0.90703125 0.2015625 0.02421875 0.1515625
0 0.73515625 0.66796875 0.028125 0.21953125
0 0.73125 0.66953125 0.04921875 0.23203125