0 0.565625 0.365625 0.03984375 0.19609375
0 0.459375 0.746875 0.04609375 0.21875
0 0.4875 0.834375 0.04765625 0.253125
0 0.52421875 0.67265625 0.04609375 0.21015625
0 0.7078125 0.5453125 0.03515625 0.190625
0 0.20859375 0.4421875 0.0390625 0.17890625
0 0.33125 0.7875 0.04453125 0.18984375
0 0.9234375 0.47109375 0.03828125 0.1953125
0 0.51484375 0.29453125 0.02734375 0.1484375
0 0.884375 0.25078125 0.03359375 0.16328125
0 0.475 0.2921875 0.02578125 0.15
0 0.6421875 0.265625 0.03203125 0.15390625
0 0.54921875 0.1125 0.03046875 0.13984375
0 0.7359375 0.66640625 0.02890625 0.21640625
0 0.3859375 0.6890625 0.04140625 0.21640625
0 0.92578125 0.24375 0.025 0.15390625
0 0.7328125 0.66953125 0.04609375 0.228125
0 0.41875 0.34140625 0.03359375 0.19453125
0 0.98359375 0.41875 0.03203125 0.19296875
0 0.8453125 0.1890625 0.02421875 0.140625
0 0.51328125 0.0890625 0.02890625 0.16015625
0 0.95390625 0.478125 0.03046875 0.17109375