0 0.68359375 0.94765625 0.0515625 0.1046875
0 0.4515625 0.86328125 0.04765625 0.23125
0 0.5453125 0.91015625 0.05625 0.1796875
0 0.54921875 0.75546875 0.04765625 0.21953125
0 0.22421875 0.38515625 0.03671875 0.1765625
0 0.55 0.27109375 0.03515625 0.18125
0 0.7078125 0.54375 0.03515625 0.1890625
0 0.88671875 0.40546875 0.0375 0.18828125
0 0.49921875 0.24609375 0.02421875 0.140625
0 0.61171875 0.30625 0.0296875 0.16796875
0 0.4 0.66796875 0.03984375 0.196875
0 0.33125 0.7890625 0.04453125 0.19140625
0 0.471875 0.24375 0.02578125 0.146875
0 0.95078125 0.35390625 0.03515625 0.16640625
0 0.434375 0.38828125 0.03359375 0.18359375
0 0.86875 0.1859375 0.0296875 0.1609375
0 0.540625 0.07109375 0.028125 0.14140625
0 0.91875 0.40859375 0.02890625 0.1640625
0 0.4171875 0.3328125 0.03046875 0.18125
0 0.96171875 0.60390625 0.04140625 0.190625
0 0.0609375 0.509375 0.034375 0.1609375
0 0.51328125 0.0625 0.02734375 0.125
0 0.9046875 0.27890625 0.0296875 0.1390625
0 0.73515625 0.665625 0.028125 0.21484375
0 0.73125 0.66953125 0.04765625 0.2296875
0 0.15859375 0.17890625 0.03671875 0.1984375
0 0.48125 0.06875 0.021875 0.1375
0 0.4390625 0.221875 0.034375 0.16171875