0 0.565625 0.3546875 0.0421875 0.19453125
0 0.49453125 0.83984375 0.0421875 0.25390625
0 0.4578125 0.75625 0.04375 0.21640625
0 0.70859375 0.546875 0.03671875 0.19375
0 0.21484375 0.4390625 0.04140625 0.178125
0 0.52578125 0.68046875 0.046875 0.2109375
0 0.33125 0.78828125 0.04296875 0.1890625
0 0.5140625 0.29453125 0.0296875 0.146875
0 0.92109375 0.46171875 0.0390625 0.19140625
0 0.63984375 0.26484375 0.03125 0.1515625
0 0.88359375 0.24140625 0.03515625 0.16328125
0 0.5484375 0.10859375 0.02890625 0.14375
0 0.475 0.28671875 0.02421875 0.15703125
0 0.7359375 0.6671875 0.02890625 0.21640625
0 0.51328125 0.09765625 0.02578125 0.13984375
0 0.73125 0.66875 0.0453125 0.22890625
0 0.92265625 0.2328125 0.0265625 0.15703125
0 0.2171875 0.28984375 0.03203125 0.1734375
0 0.48828125 0.1046875 0.02734375 0.14453125
0 0.41796875 0.3421875 0.03515625 0.190625
0 0.38671875 0.68125 0.03671875 0.19140625
0 0.95390625 0.46796875 0.03046875 0.16953125