0 0.57421875 0.40859375 0.040625 0.19609375
0 0.94140625 0.5125 0.04375 0.2015625
0 0.903125 0.27109375 0.03203125 0.16015625
0 0.70859375 0.5453125 0.03515625 0.19453125
0 0.45390625 0.74375 0.04765625 0.30546875
0 0.215625 0.471875 0.0421875 0.18828125
0 0.52265625 0.63046875 0.040625 0.2
0 0.33125 0.78828125 0.04296875 0.18984375
0 0.86015625 0.21640625 0.02578125 0.1453125
0 0.5171875 0.3234375 0.03046875 0.1515625
0 0.41875 0.34375 0.03203125 0.18515625
0 0.22734375 0.32734375 0.03359375 0.1765625
0 0.93828125 0.275 0.02734375 0.16484375
0 0.66328125 0.24140625 0.0328125 0.16484375
0 0.20625 0.27109375 0.02421875 0.15
0 0.734375 0.66484375 0.03203125 0.215625
0 0.49765625 0.128125 0.02734375 0.15
0 0.5171875 0.11953125 0.025 0.14609375
0 0.08515625 0.378125 0.02890625 0.17578125
0 0.72890625 0.66640625 0.0484375 0.221875
0 0.475 0.31796875 0.02421875 0.1546875
0 0.55 0.1296875 0.03046875 0.1515625
0 0.38984375 0.0640625 0.0265625 0.128125