0 0.5953125 0.52734375 0.04296875 0.21640625
0 0.43828125 0.59375 0.04140625 0.19375
0 0.7078125 0.54140625 0.03828125 0.190625
0 0.528125 0.55546875 0.04296875 0.2015625
0 0.5125 0.38203125 0.03046875 0.153125
0 0.33046875 0.790625 0.04453125 0.19296875
0 0.89140625 0.26796875 0.02734375 0.13984375
0 0.24375 0.54375 0.0390625 0.19375
0 0.846875 0.08671875 0.02421875 0.1234375
0 0.946875 0.33828125 0.03515625 0.1609375
0 0.4765625 0.37890625 0.03359375 0.1734375
0 0.52265625 0.16640625 0.02890625 0.1484375
0 0.41796875 0.34140625 0.03203125 0.18984375
0 0.2140625 0.31171875 0.0359375 0.16015625
0 0.23125 0.39609375 0.03203125 0.13671875
0 0.73046875 0.66953125 0.05234375 0.22421875
0 0.48984375 0.178125 0.0265625 0.15
0 0.84375 0.34921875 0.02734375 0.1484375
0 0.56171875 0.18203125 0.02734375 0.14453125
0 0.3984375 0.11328125 0.02890625 0.14609375
0 0.97421875 0.590625 0.05 0.1953125
0 0.88984375 0.0953125 0.02578125 0.13046875