0 0.575 0.43203125 0.040625 0.196875
0 0.7078125 0.54375 0.03515625 0.190625
0 0.43203125 0.76328125 0.0515625 0.2390625
0 0.52109375 0.615625 0.04296875 0.21171875
0 0.51484375 0.3390625 0.0296875 0.15390625
0 0.94609375 0.52734375 0.04453125 0.1890625
0 0.91875 0.28828125 0.03515625 0.1640625
0 0.221875 0.48828125 0.03828125 0.184375
0 0.23203125 0.346875 0.03828125 0.175
0 0.33046875 0.78984375 0.04296875 0.1890625
0 0.41796875 0.34140625 0.0328125 0.1859375
0 0.4734375 0.33046875 0.02890625 0.16796875
0 0.86796875 0.228125 0.028125 0.140625
0 0.45078125 0.66640625 0.040625 0.2015625
0 0.5515625 0.1390625 0.03359375 0.14921875
0 0.9484375 0.28046875 0.02890625 0.14921875
0 0.45 0.634375 0.03984375 0.13828125
0 0.2078125 0.284375 0.02421875 0.15859375
0 0.73515625 0.66328125 0.0296875 0.21328125
0 0.4734375 0.3484375 0.025 0.13203125