0 0.584375 0.48046875 0.04296875 0.20703125
0 0.43828125 0.62265625 0.04296875 0.2
0 0.7078125 0.54453125 0.0359375 0.1859375
0 0.51796875 0.5734375 0.04296875 0.19453125
0 0.5109375 0.365625 0.03203125 0.153125
0 0.33046875 0.790625 0.0453125 0.19296875
0 0.9359375 0.31875 0.03359375 0.16640625
0 0.39765625 0.740625 0.0453125 0.2296875
0 0.23359375 0.521875 0.04375 0.18828125
0 0.88359375 0.24921875 0.02734375 0.140625
0 0.146875 0.30859375 0.0390625 0.17421875
0 0.96640625 0.56640625 0.0390625 0.19921875
0 0.41796875 0.340625 0.0328125 0.1890625
0 0.55625 0.16328125 0.03125 0.1484375
0 0.47734375 0.35625 0.028125 0.16796875
0 0.51796875 0.1515625 0.0265625 0.1453125
0 0.9671875 0.321875 0.0390625 0.17890625
0 0.734375 0.665625 0.03515625 0.215625
0 0.73046875 0.66875 0.05 0.2234375
0 0.84140625 0.071875 0.02265625 0.121875
0 0.2109375 0.30234375 0.03125 0.165625
0 0.49296875 0.1625 0.02734375 0.1484375
0 0.234375 0.371875 0.03515625 0.16015625
0 0.10625 0.33203125 0.03125 0.15859375