0 0.61171875 0.5890625 0.0453125 0.225
0 0.54140625 0.515625 0.03984375 0.19453125
0 0.43828125 0.55703125 0.03828125 0.19296875
0 0.7078125 0.54140625 0.0375 0.19296875
0 0.9078125 0.29296875 0.03203125 0.14140625
0 0.24765625 0.584375 0.0359375 0.2046875
0 0.96171875 0.37421875 0.04140625 0.1765625
0 0.109375 0.37109375 0.040625 0.1859375
0 0.75625 0.196875 0.03046875 0.15546875
0 0.86484375 0.39296875 0.028125 0.1515625
0 0.490625 0.20078125 0.02734375 0.15546875
0 0.52890625 0.18828125 0.02890625 0.15
0 0.22890625 0.43515625 0.03828125 0.153125
0 0.41796875 0.34140625 0.03203125 0.18984375
0 0.33125 0.784375 0.0453125 0.2109375
0 0.51015625 0.415625 0.03203125 0.16015625
0 0.7359375 0.665625 0.03046875 0.21953125
0 0.25546875 0.58515625 0.03671875 0.18828125
0 0.21484375 0.34140625 0.02734375 0.16640625
0 0.56796875 0.2078125 0.03203125 0.146875
0 0.38515625 0.70625 0.03671875 0.2
0 0.4734375 0.41796875 0.02734375 0.146875
0 0.18359375 0.2 0.02890625 0.159375