0 0.5796875 0.45078125 0.0421875 0.2046875
0 0.7078125 0.54375 0.0359375 0.1890625
0 0.4203125 0.75859375 0.04765625 0.23125
0 0.521875 0.6 0.04140625 0.203125
0 0.925 0.30078125 0.03515625 0.16015625
0 0.8734375 0.23515625 0.03359375 0.14296875
0 0.33125 0.7890625 0.04375 0.19296875
0 0.51328125 0.34609375 0.02890625 0.15390625
0 0.4421875 0.6484375 0.04453125 0.2
0 0.9578125 0.53984375 0.040625 0.1859375
0 0.22890625 0.5015625 0.03671875 0.175
0 0.4734375 0.33671875 0.02890625 0.1703125
0 0.41875 0.340625 0.03359375 0.1890625
0 0.23046875 0.34921875 0.03359375 0.14375
0 0.37734375 0.71171875 0.03046875 0.2
0 0.734375 0.66484375 0.03046875 0.2140625
0 0.73046875 0.66875 0.04765625 0.228125
0 0.95859375 0.29921875 0.02421875 0.16640625
0 0.98671875 0.5265625 0.0265625 0.12421875