0 0.8890625 0.2546875 0.02890625 0.14140625
0 0.58984375 0.503125 0.04296875 0.20859375
0 0.70703125 0.54375 0.0390625 0.19140625
0 0.440625 0.61328125 0.03984375 0.2046875
0 0.5234375 0.565625 0.04453125 0.19609375
0 0.509375 0.36953125 0.03046875 0.15546875
0 0.240625 0.53125 0.0390625 0.18515625
0 0.33046875 0.790625 0.04453125 0.19140625
0 0.94296875 0.32578125 0.03515625 0.1703125
0 0.38828125 0.73671875 0.04765625 0.234375
0 0.52109375 0.1609375 0.02734375 0.15078125
0 0.84296875 0.08125 0.02421875 0.12109375
0 0.13984375 0.3125 0.03828125 0.16953125
0 0.23203125 0.39140625 0.03515625 0.1453125
0 0.49140625 0.16796875 0.028125 0.15
0 0.41796875 0.33984375 0.03203125 0.18984375
0 0.47734375 0.384375 0.0265625 0.1296875
0 0.72890625 0.66953125 0.04921875 0.2265625
0 0.73515625 0.6671875 0.03203125 0.21953125
0 0.9734375 0.521875 0.04609375 0.09140625
0 0.97578125 0.3265625 0.03671875 0.17109375
0 0.2078125 0.31171875 0.025 0.16171875
0 0.109375 0.32109375 0.0328125 0.14921875