0 0.4390625 0.57421875 0.03984375 0.1953125
0 0.603125 0.55546875 0.04375 0.21328125
0 0.5296875 0.53125 0.04296875 0.19140625
0 0.7078125 0.54296875 0.03828125 0.196875
0 0.24765625 0.5640625 0.053125 0.1953125
0 0.5109375 0.3984375 0.03046875 0.1546875
0 0.89765625 0.28046875 0.02890625 0.14140625
0 0.52421875 0.1765625 0.028125 0.15703125
0 0.23203125 0.42578125 0.0375 0.1640625
0 0.33046875 0.7890625 0.04375 0.1890625
0 0.41796875 0.340625 0.0328125 0.190625
0 0.953125 0.35703125 0.034375 0.16015625
0 0.74453125 0.203125 0.02890625 0.15078125
0 0.11875 0.35078125 0.05078125 0.184375
0 0.8578125 0.3734375 0.03359375 0.14921875
0 0.4734375 0.39375 0.0296875 0.17109375
0 0.490625 0.18671875 0.02734375 0.15
0 0.73515625 0.66328125 0.03203125 0.21484375
0 0.18515625 0.19609375 0.0328125 0.16640625
0 0.73046875 0.66640625 0.04921875 0.22421875
0 0.853125 0.09609375 0.02578125 0.115625
0 0.21875 0.2046875 0.02265625 0.13984375
0 0.2421875 0.565625 0.04140625 0.17578125
0 0.88515625 0.08984375 0.021875 0.13046875
0 0.246875 0.1828125 0.03828125 0.16484375