0 0.87265625 0.23125 0.0296875 0.13828125
0 0.7078125 0.54375 0.0359375 0.18984375
0 0.57734375 0.44609375 0.04140625 0.2015625
0 0.521875 0.6015625 0.0421875 0.2015625
0 0.42734375 0.7609375 0.05703125 0.23359375
0 0.5140625 0.34296875 0.02890625 0.1515625
0 0.9234375 0.29375 0.03515625 0.16796875
0 0.33046875 0.78828125 0.04375 0.18984375
0 0.2265625 0.49921875 0.03828125 0.184375
0 0.23046875 0.3484375 0.03671875 0.15078125
0 0.41875 0.340625 0.03359375 0.1890625
0 0.4734375 0.3328125 0.02734375 0.16875
0 0.4453125 0.65859375 0.04140625 0.20859375
0 0.95390625 0.5328125 0.04140625 0.18046875
0 0.734375 0.6625 0.03203125 0.21015625
0 0.72890625 0.66484375 0.0484375 0.21875
0 0.98515625 0.5390625 0.02890625 0.16015625
0 0.98515625 0.51875 0.02890625 0.11171875