0 0.58125 0.475 0.0421875 0.20703125
0 0.5125 0.35859375 0.03125 0.153125
0 0.51875 0.57890625 0.0421875 0.2
0 0.70859375 0.54453125 0.034375 0.1890625
0 0.43828125 0.640625 0.04453125 0.21484375
0 0.33125 0.79140625 0.04453125 0.1953125
0 0.23046875 0.521875 0.046875 0.19296875
0 0.93203125 0.3125 0.034375 0.1640625
0 0.4046875 0.74296875 0.04453125 0.23359375
0 0.88046875 0.24375 0.025 0.13984375
0 0.1515625 0.2953125 0.0375 0.17578125
0 0.23125 0.371875 0.034375 0.16796875
0 0.83984375 0.06875 0.021875 0.11953125
0 0.41796875 0.340625 0.03359375 0.1890625
0 0.55546875 0.15703125 0.03046875 0.1546875
0 0.49453125 0.15703125 0.0265625 0.153125
0 0.478125 0.34921875 0.03046875 0.16015625
0 0.51875 0.15078125 0.02421875 0.1453125
0 0.9640625 0.55859375 0.040625 0.18984375
0 0.96484375 0.515625 0.03828125 0.10390625
0 0.21171875 0.2984375 0.03203125 0.15625
0 0.73359375 0.66171875 0.03203125 0.20703125
0 0.728125 0.6640625 0.04765625 0.21484375