0 0.57890625 0.4484375 0.04140625 0.20546875
0 0.42578125 0.75859375 0.0546875 0.23046875
0 0.7078125 0.54453125 0.0359375 0.19140625
0 0.87265625 0.23359375 0.03203125 0.13984375
0 0.22734375 0.50390625 0.03828125 0.1859375
0 0.92421875 0.296875 0.03359375 0.16171875
0 0.521875 0.60078125 0.04140625 0.203125
0 0.33046875 0.78828125 0.04375 0.18984375
0 0.5140625 0.34453125 0.02890625 0.1546875
0 0.44453125 0.653125 0.04296875 0.19921875
0 0.41875 0.340625 0.0328125 0.18828125
0 0.4734375 0.3359375 0.02734375 0.16796875
0 0.95625 0.5359375 0.03984375 0.1859375
0 0.23046875 0.34453125 0.03359375 0.15625
0 0.734375 0.6609375 0.03203125 0.21015625
0 0.728125 0.6625 0.04921875 0.21875
0 0.47421875 0.353125 0.02421875 0.13046875
0 0.25078125 0.140625 0.03359375 0.15
0 0.5171875 0.13359375 0.02578125 0.14453125
0 0.9859375 0.5390625 0.02734375 0.16015625
0 0.95546875 0.29609375 0.0265625 0.16796875
0 0.20390625 0.28671875 0.03046875 0.15546875