0 0.58359375 0.47890625 0.0421875 0.20625
0 0.7078125 0.54453125 0.03515625 0.18828125
0 0.4375 0.6265625 0.04453125 0.20390625
0 0.93515625 0.31796875 0.03359375 0.165625
0 0.51875 0.57421875 0.04375 0.19453125
0 0.51171875 0.3640625 0.03203125 0.15078125
0 0.88359375 0.24765625 0.0265625 0.13828125
0 0.2328125 0.52265625 0.0453125 0.18828125
0 0.33046875 0.790625 0.04453125 0.19140625
0 0.40078125 0.74140625 0.0421875 0.23515625
0 0.9671875 0.31875 0.03984375 0.1765625
0 0.96640625 0.56640625 0.03828125 0.203125
0 0.1484375 0.30703125 0.03984375 0.1765625
0 0.49296875 0.16171875 0.02734375 0.1484375
0 0.55625 0.16328125 0.03046875 0.14921875
0 0.51796875 0.1515625 0.0265625 0.1484375
0 0.41796875 0.34140625 0.03203125 0.1890625
0 0.47734375 0.35390625 0.0296875 0.165625
0 0.840625 0.07421875 0.02265625 0.1234375
0 0.73515625 0.665625 0.03359375 0.2140625
0 0.7296875 0.66796875 0.05078125 0.21953125
0 0.234375 0.36875 0.0359375 0.16328125
0 0.21171875 0.3015625 0.03125 0.16328125