0 0.43984375 0.58125 0.03984375 0.2015625
0 0.6015625 0.55078125 0.04375 0.2203125
0 0.24609375 0.5625 0.05546875 0.196875
0 0.7078125 0.54296875 0.03828125 0.19453125
0 0.52890625 0.5328125 0.04296875 0.19296875
0 0.896875 0.2765625 0.028125 0.13828125
0 0.9546875 0.35546875 0.03671875 0.1703125
0 0.5234375 0.1765625 0.02890625 0.15546875
0 0.51171875 0.396875 0.03125 0.15390625
0 0.85546875 0.36796875 0.03203125 0.15
0 0.41796875 0.340625 0.03203125 0.18984375
0 0.49140625 0.18671875 0.02734375 0.1515625
0 0.7421875 0.20703125 0.02734375 0.15078125
0 0.23125 0.41875 0.03984375 0.1734375
0 0.4734375 0.38984375 0.03203125 0.17421875
0 0.33046875 0.790625 0.04375 0.1890625
0 0.734375 0.66484375 0.03359375 0.21796875
0 0.18359375 0.1984375 0.03125 0.16171875
0 0.85234375 0.09140625 0.0234375 0.11953125
0 0.73046875 0.66796875 0.05 0.22578125
0 0.88515625 0.08984375 0.0234375 0.13359375
0 0.121875 0.35078125 0.05390625 0.18046875
0 0.21796875 0.2015625 0.02265625 0.13671875
0 0.1859375 0.1875 0.03828125 0.1890625