0 0.24375 0.559375 0.05390625 0.19921875
0 0.4390625 0.5890625 0.040625 0.19921875
0 0.596875 0.53828125 0.04453125 0.21953125
0 0.7078125 0.5421875 0.03828125 0.19296875
0 0.52890625 0.5390625 0.04375 0.19453125
0 0.33046875 0.78828125 0.0453125 0.19453125
0 0.5125 0.390625 0.03046875 0.15390625
0 0.89453125 0.26953125 0.02421875 0.140625
0 0.5234375 0.17421875 0.02890625 0.15703125
0 0.95078125 0.3484375 0.03515625 0.1734375
0 0.84921875 0.36171875 0.03359375 0.1515625
0 0.4921875 0.1796875 0.0265625 0.153125
0 0.23359375 0.4078125 0.03671875 0.1515625
0 0.9765625 0.596875 0.0453125 0.18671875
0 0.41796875 0.340625 0.03203125 0.190625
0 0.7375 0.21015625 0.03515625 0.153125
0 0.121875 0.3390625 0.04296875 0.19296875
0 0.475 0.38203125 0.0296875 0.17109375
0 0.73515625 0.66640625 0.03359375 0.22109375
0 0.47578125 0.40390625 0.02734375 0.1265625
0 0.73046875 0.66953125 0.05 0.2296875
0 0.85 0.09296875 0.02421875 0.12421875
0 0.2171875 0.2015625 0.0234375 0.14140625