0 0.6109375 0.578125 0.04453125 0.225
0 0.7078125 0.54140625 0.0375 0.19375
0 0.4390625 0.56171875 0.0390625 0.19375
0 0.90546875 0.2890625 0.03046875 0.14140625
0 0.540625 0.51796875 0.04296875 0.19140625
0 0.2515625 0.58203125 0.0421875 0.20859375
0 0.9609375 0.371875 0.03828125 0.1796875
0 0.52890625 0.18671875 0.03046875 0.15390625
0 0.8640625 0.3890625 0.02890625 0.153125
0 0.2296875 0.44140625 0.03828125 0.16640625
0 0.48984375 0.19765625 0.0265625 0.15546875
0 0.7546875 0.2 0.02890625 0.15703125
0 0.51015625 0.41328125 0.03203125 0.15859375
0 0.41796875 0.340625 0.03203125 0.18984375
0 0.1109375 0.37265625 0.040625 0.184375
0 0.471875 0.40390625 0.03203125 0.17890625
0 0.7359375 0.6640625 0.02890625 0.215625
0 0.21484375 0.33828125 0.028125 0.1609375
0 0.33046875 0.78671875 0.04375 0.1953125
0 0.25546875 0.1890625 0.03125 0.18359375
0 0.153125 0.28515625 0.03671875 0.13671875
0 0.3828125 0.7078125 0.03828125 0.20703125