0 0.5953125 0.53046875 0.04296875 0.21953125
0 0.43828125 0.59296875 0.04140625 0.19453125
0 0.7078125 0.54296875 0.0375 0.19140625
0 0.52734375 0.55390625 0.0421875 0.20078125
0 0.5125 0.38359375 0.03125 0.153125
0 0.33046875 0.79140625 0.04453125 0.19296875
0 0.89140625 0.26796875 0.02734375 0.140625
0 0.24375 0.54609375 0.0390625 0.19140625
0 0.4765625 0.378125 0.03046875 0.178125
0 0.94765625 0.33828125 0.034375 0.16171875
0 0.84765625 0.08828125 0.02578125 0.1234375
0 0.4171875 0.34140625 0.03203125 0.1890625
0 0.5234375 0.16875 0.028125 0.15078125
0 0.84375 0.35234375 0.0265625 0.146875
0 0.48984375 0.178125 0.02734375 0.15078125
0 0.2125 0.3140625 0.03203125 0.15546875
0 0.7296875 0.67109375 0.05078125 0.22578125
0 0.73359375 0.6671875 0.03671875 0.215625
0 0.4 0.11171875 0.028125 0.14140625
0 0.23125 0.390625 0.03203125 0.13515625
0 0.97578125 0.59296875 0.04609375 0.19296875