0 0.58125 0.47265625 0.04296875 0.2046875
0 0.7078125 0.54375 0.03515625 0.18984375
0 0.409375 0.7390625 0.04296875 0.2234375
0 0.4390625 0.6453125 0.04453125 0.209375
0 0.8765625 0.24453125 0.03046875 0.13828125
0 0.23046875 0.51640625 0.04453125 0.19296875
0 0.33046875 0.7890625 0.04453125 0.19140625
0 0.5203125 0.590625 0.04140625 0.2046875
0 0.51328125 0.353125 0.03046875 0.15
0 0.9296875 0.30703125 0.0359375 0.1609375
0 0.9625 0.5640625 0.0453125 0.20703125
0 0.41875 0.340625 0.03359375 0.1890625
0 0.15234375 0.29296875 0.03671875 0.16171875
0 0.209375 0.2984375 0.02890625 0.1546875
0 0.83828125 0.06796875 0.02265625 0.11796875
0 0.478125 0.3546875 0.02578125 0.14921875
0 0.73359375 0.6625 0.034375 0.21015625
0 0.72890625 0.665625 0.0484375 0.21796875
0 0.49453125 0.1546875 0.02578125 0.15078125
0 0.1 0.33125 0.04375 0.1765625
0 0.5546875 0.15234375 0.03046875 0.15546875
0 0.2296875 0.35390625 0.03203125 0.1546875
0 0.51953125 0.1484375 0.0234375 0.14921875