0 0.52578125 0.55703125 0.04140625 0.1984375
0 0.59140625 0.50546875 0.04296875 0.21171875
0 0.4390625 0.609375 0.04140625 0.20625
0 0.70703125 0.54453125 0.03984375 0.19296875
0 0.88984375 0.2609375 0.0296875 0.14375
0 0.9453125 0.3328125 0.03671875 0.1734375
0 0.509375 0.378125 0.0296875 0.1484375
0 0.33046875 0.79140625 0.0453125 0.190625
0 0.24375 0.540625 0.0375 0.19140625
0 0.521875 0.1625 0.02734375 0.14375
0 0.73046875 0.66796875 0.05078125 0.221875
0 0.84453125 0.08203125 0.02421875 0.12109375
0 0.38046875 0.734375 0.0359375 0.23359375
0 0.490625 0.1703125 0.028125 0.15546875
0 0.47734375 0.3859375 0.02578125 0.12578125
0 0.41796875 0.34140625 0.03203125 0.18671875
0 0.23125 0.390625 0.0359375 0.1609375
0 0.1359375 0.328125 0.03515625 0.16796875
0 0.109375 0.3140625 0.0296875 0.16640625
0 0.975 0.52734375 0.0421875 0.08203125
0 0.734375 0.6640625 0.0359375 0.21640625
0 0.978125 0.3359375 0.03359375 0.17109375
0 0.2109375 0.31171875 0.03125 0.15859375
0 0.4765625 0.3640625 0.02890625 0.16796875