0 0.43984375 0.56640625 0.03984375 0.1953125
0 0.6046875 0.56796875 0.04296875 0.2234375
0 0.70703125 0.54296875 0.03828125 0.1953125
0 0.2484375 0.565625 0.04453125 0.196875
0 0.53125 0.52734375 0.04296875 0.19140625
0 0.23125 0.434375 0.03671875 0.16640625
0 0.5109375 0.4015625 0.03203125 0.15546875
0 0.95703125 0.3609375 0.03515625 0.16484375
0 0.471875 0.396875 0.03203125 0.1703125
0 0.9 0.28046875 0.02890625 0.1359375
0 0.12109375 0.3515625 0.03828125 0.1796875
0 0.74765625 0.20234375 0.028125 0.15546875
0 0.525 0.178125 0.02890625 0.15703125
0 0.41796875 0.340625 0.03203125 0.190625
0 0.859375 0.378125 0.03359375 0.15078125
0 0.490625 0.19140625 0.02734375 0.1515625
0 0.7359375 0.6640625 0.03046875 0.21640625
0 0.215625 0.33203125 0.02734375 0.15625
0 0.21953125 0.20546875 0.021875 0.1390625
0 0.7328125 0.66875 0.04453125 0.225
0 0.33046875 0.79375 0.046875 0.19140625
0 0.18359375 0.19921875 0.0296875 0.1609375
0 0.85546875 0.10078125 0.02578125 0.1234375