0 0.58515625 0.4890625 0.03984375 0.1984375
0 0.4390625 0.61796875 0.040625 0.20078125
0 0.70703125 0.54453125 0.03515625 0.18515625
0 0.51015625 0.36796875 0.03125 0.15546875
0 0.8859375 0.253125 0.02734375 0.1390625
0 0.51953125 0.57578125 0.04453125 0.20078125
0 0.93828125 0.321875 0.03359375 0.16640625
0 0.33046875 0.790625 0.04453125 0.19140625
0 0.2375 0.52578125 0.04140625 0.1890625
0 0.39296875 0.74140625 0.05234375 0.23203125
0 0.96640625 0.57265625 0.03984375 0.20703125
0 0.1453125 0.3109375 0.03984375 0.178125
0 0.51953125 0.16015625 0.028125 0.1453125
0 0.8421875 0.07734375 0.0234375 0.1234375
0 0.4921875 0.16640625 0.02734375 0.15
0 0.41796875 0.340625 0.03203125 0.18984375
0 0.97265625 0.31953125 0.028125 0.17109375
0 0.734375 0.665625 0.03203125 0.21796875
0 0.7296875 0.66953125 0.04921875 0.228125
0 0.4765625 0.36171875 0.02890625 0.16875
0 0.2328125 0.3828125 0.0359375 0.15625
0 0.55625 0.1640625 0.03046875 0.1453125