0 0.59375 0.51875 0.04375 0.2140625
0 0.43828125 0.60390625 0.04140625 0.2046875
0 0.70703125 0.54453125 0.03984375 0.19453125
0 0.5265625 0.55546875 0.03984375 0.1984375
0 0.88984375 0.2671875 0.02890625 0.14609375
0 0.2453125 0.540625 0.040625 0.19140625
0 0.5109375 0.38125 0.03046875 0.153125
0 0.33046875 0.790625 0.04453125 0.19296875
0 0.23203125 0.3984375 0.034375 0.15546875
0 0.84453125 0.08359375 0.02421875 0.12109375
0 0.94765625 0.33203125 0.03359375 0.15625
0 0.21328125 0.31171875 0.0359375 0.16484375
0 0.4171875 0.340625 0.03203125 0.1890625
0 0.52265625 0.16328125 0.028125 0.1453125
0 0.47578125 0.37578125 0.0296875 0.16796875
0 0.73359375 0.6640625 0.03671875 0.2109375
0 0.73046875 0.66796875 0.0515625 0.2203125
0 0.48984375 0.1734375 0.0265625 0.146875
0 0.39921875 0.109375 0.02890625 0.15