0 0.43984375 0.565625 0.04140625 0.196875
0 0.60546875 0.56875 0.04296875 0.22109375
0 0.70703125 0.54375 0.03984375 0.196875
0 0.2484375 0.565625 0.04375 0.19375
0 0.51171875 0.4015625 0.03203125 0.15546875
0 0.9578125 0.359375 0.0359375 0.1703125
0 0.53203125 0.52578125 0.04140625 0.19140625
0 0.11875 0.3546875 0.03984375 0.18046875
0 0.23125 0.43359375 0.0359375 0.165625
0 0.90078125 0.28125 0.028125 0.1359375
0 0.471875 0.3953125 0.03046875 0.16875
0 0.41796875 0.340625 0.0328125 0.190625
0 0.86015625 0.37578125 0.03515625 0.146875
0 0.74921875 0.20234375 0.02890625 0.15625
0 0.525 0.18046875 0.0296875 0.153125
0 0.490625 0.19296875 0.02734375 0.153125
0 0.33046875 0.79453125 0.046875 0.190625
0 0.21484375 0.33515625 0.02734375 0.15390625
0 0.73515625 0.66328125 0.0296875 0.2140625
0 0.21953125 0.20546875 0.02109375 0.1359375
0 0.73203125 0.6671875 0.04375 0.22109375
0 0.18359375 0.19921875 0.02734375 0.16015625