0 0.43359375 0.53828125 0.040625 0.1890625
0 0.61796875 0.62109375 0.04765625 0.2296875
0 0.7078125 0.54375 0.03671875 0.190625
0 0.55 0.496875 0.03828125 0.18671875
0 0.50703125 0.4328125 0.03203125 0.16171875
0 0.24296875 0.60625 0.053125 0.20390625
0 0.92265625 0.30625 0.02734375 0.146875
0 0.8734375 0.415625 0.0328125 0.15546875
0 0.76484375 0.18515625 0.02890625 0.153125
0 0.97109375 0.3953125 0.03828125 0.171875
0 0.39140625 0.71171875 0.04375 0.2109375
0 0.09765625 0.3921875 0.04921875 0.18671875
0 0.53125 0.20546875 0.02890625 0.16015625
0 0.47421875 0.4265625 0.03046875 0.17578125
0 0.41796875 0.340625 0.0328125 0.190625
0 0.49140625 0.21015625 0.0265625 0.15625
0 0.73515625 0.66328125 0.02890625 0.22578125
0 0.2296875 0.434375 0.040625 0.1234375
0 0.33046875 0.78984375 0.04375 0.190625
0 0.21953125 0.228125 0.02578125 0.14296875
0 0.165625 0.2703125 0.0296875 0.14140625
0 0.73125 0.6640625 0.04609375 0.23125
0 0.2171875 0.35390625 0.04921875 0.1734375
0 0.5703125 0.21953125 0.03125 0.14609375
0 0.23046875 0.45703125 0.0421875 0.16640625
0 0.25859375 0.2046875 0.03046875 0.184375