0 0.5796875 0.453125 0.0421875 0.20625
0 0.7078125 0.54375 0.03515625 0.1890625
0 0.41953125 0.75859375 0.04609375 0.22578125
0 0.9265625 0.303125 0.03671875 0.16953125
0 0.52265625 0.5984375 0.04140625 0.203125
0 0.8734375 0.23671875 0.03203125 0.13984375
0 0.51328125 0.34609375 0.02890625 0.1546875
0 0.95859375 0.54609375 0.03984375 0.19921875
0 0.2296875 0.50234375 0.03828125 0.178125
0 0.33125 0.78984375 0.04453125 0.19375
0 0.44140625 0.64453125 0.04453125 0.196875
0 0.47421875 0.3390625 0.0296875 0.16796875
0 0.2296875 0.35234375 0.03515625 0.15859375
0 0.41875 0.34140625 0.03203125 0.18828125
0 0.37734375 0.7140625 0.03046875 0.19921875
0 0.73515625 0.665625 0.03125 0.2140625
0 0.7296875 0.66953125 0.04921875 0.22578125
0 0.39765625 0.07578125 0.02734375 0.14375
0 0.49296875 0.15234375 0.02734375 0.1453125
0 0.95859375 0.29921875 0.02421875 0.1640625